INSERT INTO dbo.FactSalesOrder
VALUES
(3231,20211214,783,550,10,22950.00),
(3232,20211214,963,29541,6,4454.00),
(3233,20211214,842,29567,5,625.00),
(3234,20211214,735,147,2,1190.00),
(3235,20211214,741,280,10,13645.00),
(3236,20211214,842,97,1,125.00),
(3237,20211214,855,166,7,630.00),
(3238,20211215,882,564,6,324.00),
(3239,20211215,813,29546,7,842.00),
(3240,20211215,816,29573,4,836.00),
(3241,20211215,791,94,10,24434.00),
(3242,20211216,898,4,8,2667.00),
(3243,20211216,821,29485,10,2180.00),
(3244,20211216,949,7,10,1755.00),
(3245,20211216,858,29738,2,49.00),
(3246,20211216,861,29755,6,228.00),
(3247,20211216,979,365,8,5939.00),
(3248,20211216,821,533,6,1308.00),
(3249,20211216,793,346,8,19547.00),
(3250,20211216,783,448,3,6885.00),
(3251,20211216,941,29757,2,162.00),
(3252,20211217,714,29998,7,350.00),
(3253,20211217,785,526,3,3240.00),
(3254,20211218,937,533,4,324.00),
(3255,20211218,853,6,4,300.00),
(3256,20211218,903,198,2,667.00),
(3257,20211218,824,304,7,1652.00),
(3258,20211218,718,424,3,4295.00),
(3259,20211218,904,29567,6,2185.00),
(3260,20211219,707,347,3,105.00),
(3261,20211219,726,29953,3,1012.00),
(3262,20211219,706,30106,5,7158.00),
(3263,20211219,874,29,1,9.00),
(3264,20211219,946,29545,10,461.00),
(3265,20211219,947,286,11,1007.00),
(3266,20211219,959,29922,10,7424.00),
(3267,20211220,852,683,3,225.00),
(3268,20211220,746,217,7,9447.00),
(3269,20211220,734,475,3,1784.00),
(3270,20211220,969,241,4,9536.00),
(3271,20211220,781,29569,7,16240.00),
(3272,20211220,836,29877,11,6543.00),
(3273,20211220,935,29616,7,283.00),
(3274,20211220,785,328,8,8640.00),
(3275,20211220,952,29571,4,81.00),
(3276,20211221,969,29778,4,9536.00),
(3277,20211221,975,29748,10,17010.00),
(3278,20211221,813,29768,9,1082.00),
(3279,20211221,916,218,4,211.00),
(3280,20211221,740,29918,7,9552.00),
(3281,20211222,988,551,10,5650.00),
(3282,20211222,734,29885,5,2974.00),
(3283,20211222,914,29599,7,190.00),
(3284,20211222,891,493,2,2008.00),
(3285,20211222,797,30046,11,12325.00),
(3286,20211222,725,183,9,3035.00),
(3287,20211222,835,323,8,4759.00),
(3288,20211222,875,29753,3,27.00),
(3289,20211222,766,136,4,3132.00),
(3290,20211222,772,29900,1,3400.00),
(3291,20211222,881,29834,10,540.00),
(3292,20211223,857,30040,8,720.00),
(3293,20211223,764,93,3,2349.00),
(3294,20211223,913,515,6,316.00),
(3295,20211223,907,124,9,959.00),
(3296,20211223,916,30046,2,105.00),
(3297,20211223,751,29994,5,17891.00),
(3298,20211223,726,317,4,1349.00),
(3299,20211224,941,29872,8,648.00),
(3300,20211224,826,19,6,675.00),
(3301,20211224,789,660,10,24434.00),
(3302,20211225,912,620,10,391.00),
(3303,20211226,881,138,2,108.00),
(3304,20211226,717,29535,2,2863.00),
(3305,20211226,718,271,7,10021.00),
(3306,20211226,731,111,5,2974.00),
(3307,20211227,717,29925,10,14315.00),
(3308,20211227,772,29915,10,34000.00),
(3309,20211227,817,671,10,3002.00),
(3310,20211227,849,226,6,360.00),
(3311,20211227,842,492,5,625.00),
(3312,20211227,878,29631,9,198.00),
(3313,20211228,832,30069,6,2093.00),
(3314,20211229,763,508,3,2349.00),
(3315,20211229,938,29532,11,445.00),
(3316,20211229,991,29905,11,5940.00),
(3317,20211229,715,29557,9,450.00),
(3318,20211229,842,487,4,500.00),
(3319,20211229,733,331,4,2379.00),
(3320,20211230,710,425,7,67.00),
(3321,20211230,905,384,10,3641.00),
(3322,20211230,761,311,11,8613.00),
(3323,20211230,981,29792,9,6925.00),
(3324,20211230,957,563,4,9536.00),
(3325,20211230,779,66,2,4640.00),
(3326,20211231,706,29668,7,10021.00),
(3327,20211231,773,160,10,34000.00),
(3328,20211231,717,390,10,14315.00),
(3329,20220101,962,30116,8,5939.00),
(3330,20220101,854,29785,3,225.00),
(3331,20220101,724,20,4,1349.00),
(3332,20220101,944,29709,1,264.00),
(3333,20220101,861,661,1,38.00),
(3334,20220101,725,613,5,1686.00),
(3335,20220102,846,29932,2,28.00),
(3336,20220102,726,394,9,3035.00),
(3337,20220103,885,264,4,4016.00),
(3338,20220103,744,29600,7,9447.00),
(3339,20220103,956,431,8,19073.00),
(3340,20220103,840,488,3,4295.00),
(3341,20220103,888,437,7,7027.00),
(3342,20220103,756,29690,2,2916.00),
(3343,20220103,734,399,6,3569.00),
(3344,20220104,956,30010,8,19073.00),
(3345,20220104,850,29703,6,360.00),
(3346,20220104,793,294,2,4887.00),
(3347,20220104,740,29879,8,10916.00),
(3348,20220104,984,268,8,4520.00),
(3349,20220104,769,29599,5,3915.00),
(3350,20220104,956,272,10,23841.00),
(3351,20220104,851,29611,3,180.00),
(3352,20220104,984,29921,10,5650.00),
(3353,20220104,761,672,7,5481.00),
(3354,20220105,933,474,5,163.00),
(3355,20220106,715,492,2,100.00),
(3356,20220106,911,93,5,136.00),
(3357,20220106,747,30076,2,2699.00),
(3358,20220106,917,29615,1,264.00),
(3359,20220106,868,347,2,140.00),
(3360,20220107,728,30064,10,3372.00),
(3361,20220107,947,29807,1,92.00),
(3362,20220107,823,29528,2,175.00),
(3363,20220107,717,151,5,7158.00),
(3364,20220108,755,362,9,13122.00),
(3365,20220108,759,617,6,4698.00),
(3366,20220108,964,228,7,5196.00),
(3367,20220108,795,30102,8,19547.00),
(3368,20220108,841,559,10,600.00),
(3369,20220109,894,30051,9,1093.00),
(3370,20220109,913,30037,5,263.00),
(3371,20220109,883,29553,4,216.00),
(3372,20220109,844,29494,8,160.00),
(3373,20220109,786,360,10,10800.00),
(3374,20220109,881,383,6,324.00),
(3375,20220109,752,347,7,25048.00),
(3376,20220109,908,167,6,163.00),
(3377,20220109,813,30029,3,361.00),
(3378,20220109,810,304,9,1082.00),
(3379,20220110,963,52,2,1485.00),
(3380,20220110,746,30074,2,2699.00),
(3381,20220110,853,88,7,525.00),
(3382,20220110,754,29680,3,4374.00),
(3383,20220110,915,520,1,39.00),
(3384,20220111,724,64,8,2698.00),
(3385,20220111,903,29618,8,2667.00),
(3386,20220111,784,223,9,20655.00),
(3387,20220111,886,235,6,2001.00),
(3388,20220112,746,29934,10,13496.00),
(3389,20220112,940,29943,6,486.00),
(3390,20220112,741,29857,2,2729.00),
(3391,20220112,814,562,6,2093.00),
(3392,20220112,716,29499,9,450.00),
(3393,20220112,737,29943,6,2023.00),
(3394,20220112,932,29638,8,200.00),
(3395,20220112,806,28,9,921.00),
(3396,20220112,865,29600,9,572.00),
(3397,20220113,787,29991,8,8640.00),
(3398,20220113,891,371,9,9035.00),
(3399,20220113,837,30036,4,5726.00),
(3400,20220114,779,66,9,20880.00),
(3401,20220114,718,563,10,14315.00),
(3402,20220114,759,29521,1,783.00),
(3403,20220114,979,514,5,3712.00),
(3404,20220114,777,671,3,10125.00),
(3405,20220114,849,30105,3,180.00),
(3406,20220114,956,30056,7,16688.00),
(3407,20220114,707,29780,5,175.00),
(3408,20220115,715,30116,2,100.00),
(3409,20220115,835,30034,1,595.00),
(3410,20220115,866,29780,4,254.00),
(3411,20220116,885,29567,1,1004.00),
(3412,20220116,936,208,10,621.00),
(3413,20220116,745,596,2,2699.00),
(3414,20220116,810,30019,5,601.00),
(3415,20220116,788,30112,10,10800.00),
(3416,20220116,806,29867,10,1023.00),
(3417,20220117,853,29593,6,450.00),
(3418,20220117,787,542,3,3240.00),
(3419,20220117,891,29643,6,6023.00),
(3420,20220117,875,29740,4,36.00),
(3421,20220117,839,29615,11,15747.00),
(3422,20220117,905,29608,6,2185.00),
(3423,20220117,978,30113,7,5196.00),
(3424,20220117,807,466,10,1247.00),
(3425,20220117,824,29775,11,2596.00),
(3426,20220117,776,29848,6,20250.00),
(3427,20220117,938,209,7,283.00),
(3428,20220118,762,30034,2,1566.00),
(3429,20220118,872,29720,6,54.00),
(3430,20220118,799,30052,8,8964.00),
(3431,20220118,998,29858,5,2700.00),
(3432,20220119,838,527,1,1432.00),
(3433,20220119,778,30016,5,16875.00),
(3434,20220119,722,30090,3,1012.00),
(3435,20220120,934,353,7,203.00),
(3436,20220120,855,178,7,630.00),
(3437,20220120,824,29900,3,708.00),
(3438,20220120,823,630,9,790.00),
(3439,20220120,848,66,1,45.00),
(3440,20220121,730,30025,5,1686.00),
(3441,20220121,889,473,4,4016.00),
(3442,20220122,720,255,9,12884.00),
(3443,20220122,819,406,4,994.00),
(3444,20220122,774,419,8,27200.00),
(3445,20220122,762,29643,2,1566.00),
(3446,20220122,680,406,6,8589.00),
(3447,20220123,858,29600,3,73.00),
(3448,20220123,994,491,7,378.00),
(3449,20220124,780,697,7,16240.00),
(3450,20220124,775,29975,3,10125.00),
(3451,20220124,890,488,5,5020.00),
(3452,20220124,826,689,9,1013.00),
(3453,20220124,887,29565,10,10039.00),
(3454,20220124,985,496,3,1695.00),
(3455,20220124,915,308,6,235.00),
(3456,20220124,804,661,9,2065.00),
(3457,20220124,989,29671,8,4320.00),
(3458,20220124,883,533,8,432.00),
(3459,20220125,788,29987,5,5400.00),
(3460,20220125,765,30053,6,4698.00),
(3461,20220125,979,59,3,2227.00),
(3462,20220125,824,29668,8,1888.00),
(3463,20220125,829,29553,5,1225.00),
(3464,20220126,759,29797,1,783.00),
(3465,20220126,855,490,4,360.00),
(3466,20220126,714,29831,11,550.00),
(3467,20220126,803,30046,3,526.00),
(3468,20220126,811,454,9,401.00),
(3469,20220126,873,470,2,5.00),
(3470,20220126,781,457,2,4640.00),
(3471,20220126,889,274,7,7027.00),
(3472,20220126,759,344,7,5481.00),
(3473,20220127,884,563,2,108.00),
(3474,20220127,925,29727,3,749.00),
(3475,20220128,895,29737,9,3001.00),
(3476,20220128,770,541,6,4698.00),
(3477,20220128,972,97,11,13363.00),
(3478,20220128,816,29530,3,627.00),
(3479,20220128,823,475,9,790.00),
(3480,20220128,785,131,8,8640.00),
(3481,20220128,869,29830,6,420.00),
(3482,20220129,904,343,3,1092.00),
(3483,20220129,729,29853,5,1686.00),
(3484,20220129,890,504,8,8031.00),
(3485,20220130,867,473,7,490.00),
(3486,20220130,766,326,7,5481.00),
(3487,20220130,760,29911,5,3915.00),
(3488,20220130,777,452,3,10125.00),
(3489,20220130,931,156,3,64.00),
(3490,20220130,966,695,5,11920.00),
(3491,20220131,756,30005,9,13122.00),
(3492,20220131,733,29851,3,1784.00),
(3493,20220131,947,137,9,824.00),
(3494,20220131,803,235,7,1228.00),
(3495,20220131,876,29914,4,480.00),
(3496,20220131,818,672,1,86.00),
(3497,20220131,806,295,9,921.00),
(3498,20220131,846,29900,2,28.00),
(3499,20220131,920,372,2,528.00),
(3500,20220131,810,698,11,1323.00),
(3501,20220131,778,366,2,6750.00),
(3502,20220201,741,29521,10,13645.00),
(3503,20220201,883,29805,6,324.00),
(3504,20220201,953,348,9,10934.00),
(3505,20220201,943,496,8,1998.00),
(3506,20220201,893,670,6,6023.00),
(3507,20220201,739,30058,6,8187.00),
(3508,20220202,851,84,10,600.00),
(3509,20220202,808,30053,8,356.00),
(3510,20220202,836,29680,8,4759.00),
(3511,20220202,920,659,9,2376.00),
(3512,20220202,774,529,11,37400.00),
(3513,20220202,730,29632,8,2698.00),
(3514,20220202,898,29738,4,1334.00),
(3515,20220203,865,492,2,127.00),
(3516,20220203,937,29591,10,810.00),
(3517,20220203,901,180,2,667.00),
(3518,20220203,889,29489,10,10039.00),
(3519,20220203,769,268,4,3132.00),
(3520,20220203,775,29730,10,33750.00),
(3521,20220203,792,29906,7,17103.00),
(3522,20220204,847,29797,2,70.00),
(3523,20220205,790,444,7,17103.00),
(3524,20220205,999,381,3,1620.00),
(3525,20220205,974,565,2,3402.00),
(3526,20220205,907,505,3,320.00),
(3527,20220206,987,29692,3,1695.00),
(3528,20220206,974,390,2,3402.00),
(3529,20220206,763,201,7,5481.00),
(3530,20220206,960,29860,5,3712.00),
(3531,20220206,736,29650,6,2023.00),
(3532,20220206,970,30005,5,6074.00),
(3533,20220206,904,29668,11,4005.00),
(3534,20220207,680,29915,5,7158.00),
(3535,20220207,795,328,3,7330.00),
(3536,20220207,926,693,11,2748.00),
(3537,20220208,956,29778,11,26225.00),
(3538,20220208,923,421,8,40.00),
(3539,20220208,926,29503,6,1499.00),
(3540,20220208,799,30111,5,5602.00),
(3541,20220209,990,29781,2,1080.00),
(3542,20220210,733,601,10,5948.00),
(3543,20220210,902,29680,7,2334.00),
(3544,20220210,998,29485,5,2700.00),
(3545,20220210,938,29818,4,162.00),
(3546,20220210,822,75,6,3569.00),
(3547,20220210,964,29727,4,2969.00),
(3548,20220210,797,523,4,4482.00),
(3549,20220210,807,30071,8,998.00),
(3550,20220211,752,29654,3,10735.00),
(3551,20220211,945,232,4,366.00),
(3552,20220211,930,29926,6,210.00),
(3553,20220211,822,29870,5,2974.00),
(3554,20220211,854,29608,7,525.00),
(3555,20220212,924,29851,10,2498.00),
(3556,20220212,778,22,10,33750.00),
(3557,20220212,825,119,1,327.00),
(3558,20220212,729,29867,7,2361.00),
(3559,20220212,794,29778,10,24434.00),
(3560,20220212,777,327,3,10125.00),
(3561,20220213,894,29499,9,1093.00),
(3562,20220213,927,28,2,500.00),
(3563,20220213,764,172,6,4698.00),
(3564,20220213,876,40,9,1080.00),
(3565,20220213,896,7,8,2667.00),
(3566,20220213,946,60,6,277.00),
(3567,20220214,952,29646,7,142.00),
(3568,20220214,863,30108,8,304.00),
(3569,20220214,714,29980,5,250.00),
(3570,20220215,833,415,6,3569.00),
(3571,20220215,900,221,9,3001.00),
(3572,20220215,963,693,6,4454.00),
(3573,20220215,855,29682,10,900.00),
(3574,20220215,755,677,2,2916.00),
(3575,20220215,924,30090,9,2248.00),
(3576,20220216,793,29689,6,14660.00),
(3577,20220216,739,454,3,4094.00),
(3578,20220216,733,29524,5,2974.00),
(3579,20220216,997,191,5,2700.00),
(3580,20220216,915,307,3,117.00),
(3581,20220216,809,30044,10,619.00),
(3582,20220216,905,42,8,2913.00),
(3583,20220216,859,10,8,196.00),
(3584,20220216,783,41,3,6885.00),
(3585,20220217,767,304,2,1566.00),
(3586,20220217,940,29840,11,891.00),
(3587,20220217,806,83,4,409.00),
(3588,20220218,878,30083,10,220.00),
(3589,20220218,725,277,2,674.00),
(3590,20220218,772,29742,1,3400.00),
(3591,20220218,759,29815,8,6264.00),
(3592,20220218,980,29831,4,3078.00),
(3593,20220218,895,29689,9,3001.00),
(3594,20220218,967,491,8,19073.00),
(3595,20220218,914,316,3,81.00),
(3596,20220218,740,645,3,4094.00),
(3597,20220219,953,29548,5,6074.00),
(3598,20220219,974,29506,2,3402.00),
(3599,20220219,998,106,8,4320.00),
(3600,20220219,740,30087,5,6823.00),
(3601,20220220,766,113,4,3132.00),
(3602,20220220,753,29521,11,39361.00),
(3603,20220220,746,42,7,9447.00),
(3604,20220220,825,75,9,2945.00),
(3605,20220220,762,219,11,8613.00),
(3606,20220221,989,694,10,5400.00),
(3607,20220221,974,308,2,3402.00),
(3608,20220221,846,592,3,42.00),
(3609,20220221,826,29852,6,675.00),
(3610,20220221,854,30,6,450.00),
(3611,20220222,751,254,5,17891.00),
(3612,20220222,937,166,2,162.00),
(3613,20220222,711,222,2,70.00),
(3614,20220222,900,30012,9,3001.00),
(3615,20220222,728,326,1,337.00),
(3616,20220222,987,29502,2,1130.00),
(3617,20220222,966,29785,7,16688.00),
(3618,20220222,754,466,8,11664.00),
(3619,20220222,965,29533,4,2969.00),
(3620,20220222,896,563,1,333.00),
(3621,20220223,879,631,2,318.00),
(3622,20220223,927,29635,9,2248.00),
(3623,20220223,913,244,9,474.00),
(3624,20220223,829,417,1,245.00),
(3625,20220224,948,30112,7,746.00),
(3626,20220224,886,253,5,1667.00),
(3627,20220224,917,30111,10,2641.00),
(3628,20220224,995,29740,4,405.00),
(3629,20220225,998,30118,1,540.00),
(3630,20220225,923,29565,7,35.00),
(3631,20220225,980,262,4,3078.00),
(3632,20220225,845,29810,8,200.00),
(3633,20220225,944,329,5,1320.00),
(3634,20220225,985,29807,8,4520.00),
(3635,20220225,953,346,2,2430.00),
(3636,20220225,838,272,6,8589.00),
(3637,20220226,889,2,10,10039.00),
(3638,20220226,891,120,7,7027.00),
(3639,20220227,784,29580,1,2295.00),
(3640,20220227,954,497,4,9536.00),
(3641,20220227,912,472,7,274.00),
(3642,20220227,719,37,1,1432.00),
(3643,20220227,783,29778,8,18360.00),
(3644,20220227,977,29668,10,5400.00),
(3645,20220228,708,93,3,105.00),
(3646,20220228,827,29544,2,551.00),
(3647,20220301,763,209,6,4698.00),
(3648,20220301,944,30024,6,1584.00),
(3649,20220301,796,617,1,2443.00),
(3650,20220301,782,364,10,22950.00),
(3651,20220301,814,29975,9,3139.00),
(3652,20220301,989,29616,4,2160.00),
(3653,20220302,913,511,5,263.00),
(3654,20220302,719,30025,5,7158.00),
(3655,20220302,966,29710,8,19073.00),
(3656,20220302,933,29919,5,163.00),
(3657,20220302,978,29744,9,6681.00),
(3658,20220302,932,209,9,225.00),
(3659,20220302,801,588,4,4482.00),
(3660,20220302,824,39,2,472.00),
(3661,20220302,720,30021,6,8589.00),
(3662,20220303,869,29813,9,630.00),
(3663,20220303,717,30000,4,5726.00),
(3664,20220303,762,309,9,7047.00),
(3665,20220303,795,29937,6,14660.00),
(3666,20220303,816,448,2,418.00),
(3667,20220303,976,29625,2,3402.00),
(3668,20220304,953,29485,8,9719.00),
(3669,20220304,910,352,7,368.00),
(3670,20220304,790,29890,8,19547.00),
(3671,20220304,740,30069,1,1365.00),
(3672,20220304,982,2,1,769.00),
(3673,20220304,838,30076,8,11452.00),
(3674,20220305,784,29682,8,18360.00),
(3675,20220305,744,29768,9,12146.00),
(3676,20220305,949,29692,11,1930.00),
(3677,20220306,922,29892,4,16.00),
(3678,20220306,865,30069,2,127.00),
(3679,20220306,990,30116,2,1080.00),
(3680,20220307,911,472,7,190.00),
(3681,20220307,962,219,11,8166.00),
(3682,20220307,832,307,1,349.00),
(3683,20220308,879,29632,9,1431.00),
(3684,20220308,852,29696,4,300.00),
(3685,20220309,858,570,9,220.00),
(3686,20220309,840,454,8,11452.00),
(3687,20220309,722,29763,8,2698.00),
(3688,20220309,813,30110,6,722.00),
(3689,20220309,916,29948,4,211.00),
(3690,20220309,916,199,6,316.00),
(3691,20220309,852,29974,10,750.00),
(3692,20220310,837,29714,8,11452.00),
(3693,20220310,739,30117,6,8187.00),
(3694,20220310,897,191,10,3334.00),
(3695,20220310,954,444,2,4768.00),
(3696,20220310,782,29978,4,9180.00),
(3697,20220310,764,223,3,2349.00),
(3698,20220310,747,29925,1,1350.00),
(3699,20220310,820,149,10,3301.00),
(3700,20220310,837,29824,8,11452.00),
(3701,20220310,839,185,8,11452.00),
(3702,20220311,819,29944,7,1739.00),
(3703,20220311,804,29490,2,459.00),
(3704,20220312,831,30039,9,3139.00),
(3705,20220312,741,204,9,12281.00),
(3706,20220312,928,29541,8,200.00),
(3707,20220312,988,137,9,5085.00),
(3708,20220312,976,29753,1,1701.00),
(3709,20220312,921,29515,8,40.00),
(3710,20220312,838,29847,7,10021.00),
(3711,20220312,915,293,9,352.00),
(3712,20220312,736,246,5,1686.00),
(3713,20220312,942,29806,7,2549.00),
(3714,20220313,941,562,11,891.00),
(3715,20220313,807,76,2,249.00),
(3716,20220313,956,316,2,4768.00),
(3717,20220313,742,419,9,12281.00),
(3718,20220313,839,29983,5,7158.00),
(3719,20220313,754,24,10,14580.00),
(3720,20220314,873,29857,11,25.00),
(3721,20220315,898,29568,1,333.00),
(3722,20220315,969,29918,8,19073.00),
(3723,20220315,922,492,7,28.00),
(3724,20220315,778,29959,4,13500.00),
(3725,20220315,798,29598,4,4482.00),
(3726,20220315,984,30025,10,5650.00),
(3727,20220316,973,29744,10,17010.00),
(3728,20220316,939,111,3,186.00),
(3729,20220316,727,133,2,674.00),
(3730,20220316,849,317,6,360.00),
(3731,20220316,956,496,5,11920.00),
(3732,20220317,720,438,8,11452.00),
(3733,20220317,873,29598,10,23.00),
(3734,20220317,843,400,11,275.00),
(3735,20220317,930,30118,8,280.00),
(3736,20220317,807,29,4,499.00),
(3737,20220317,738,29531,2,674.00),
(3738,20220318,727,29508,10,3372.00),
(3739,20220318,763,130,5,3915.00),
(3740,20220318,798,416,5,5602.00),
(3741,20220318,735,29506,2,1190.00),
(3742,20220319,857,546,7,630.00),
(3743,20220319,861,601,2,76.00),
(3744,20220319,813,29497,10,1203.00),
(3745,20220320,971,294,9,10934.00),
(3746,20220320,864,186,8,508.00),
(3747,20220320,892,29830,4,4016.00),
(3748,20220320,900,29764,9,3001.00),
(3749,20220320,874,551,7,63.00),
(3750,20220320,920,137,7,1848.00),
(3751,20220320,795,29627,4,9773.00),
(3752,20220320,876,254,10,1200.00),
(3753,20220320,975,402,5,8505.00),
(3754,20220320,874,30080,10,90.00),
(3755,20220320,804,29805,7,1606.00),
(3756,20220321,990,29654,8,4320.00),
(3757,20220321,903,29615,11,3668.00),
(3758,20220321,852,407,9,675.00),
(3759,20220321,731,624,2,1190.00),
(3760,20220322,882,29646,3,162.00),
(3761,20220323,976,417,5,8505.00),
(3762,20220323,751,621,10,35783.00),
(3763,20220324,899,30037,4,1334.00),
(3764,20220324,859,61,4,98.00),
(3765,20220324,735,210,4,2379.00),
(3766,20220324,802,329,6,889.00),
(3767,20220324,815,4,9,547.00),
(3768,20220324,867,30063,9,630.00),
(3769,20220325,825,365,2,654.00),
(3770,20220325,965,419,9,6681.00),
(3771,20220325,793,363,9,21990.00),
(3772,20220325,835,29840,11,6543.00),
(3773,20220325,816,29807,2,418.00),
(3774,20220325,962,30111,2,1485.00),
(3775,20220326,902,239,3,1000.00),
(3776,20220326,815,160,10,607.00),
(3777,20220326,719,5,2,2863.00),
(3778,20220326,852,29515,3,225.00),
(3779,20220326,792,29822,4,9773.00),
(3780,20220326,970,29677,10,12149.00),
(3781,20220326,734,192,8,4759.00),
(3782,20220327,890,29682,7,7027.00),
(3783,20220327,871,29743,3,30.00),
(3784,20220327,818,30012,4,342.00),
(3785,20220327,724,29713,9,3035.00),
(3786,20220327,826,674,9,1013.00),
(3787,20220328,875,10,4,36.00),
(3788,20220328,823,29496,7,614.00),
(3789,20220328,717,335,2,2863.00),
(3790,20220328,956,397,1,2384.00),
(3791,20220329,858,29650,4,98.00),
(3792,20220329,977,39,5,2700.00),
(3793,20220330,822,29688,2,1190.00),
(3794,20220330,735,543,2,1190.00),
(3795,20220330,711,310,10,350.00),
(3796,20220330,897,30094,11,3668.00),
(3797,20220330,775,29853,10,33750.00),
(3798,20220330,943,29859,5,1249.00),
(3799,20220330,916,93,3,158.00),
(3800,20220330,743,29736,7,9447.00),
(3801,20220330,929,92,11,330.00),
(3802,20220331,832,29930,8,2790.00),
(3803,20220331,884,685,8,432.00),
(3804,20220331,722,498,9,3035.00),
(3805,20220331,783,30063,9,20655.00),
(3806,20220331,731,408,8,4759.00),
(3807,20220331,727,605,7,2361.00),
(3808,20220331,840,29692,9,12884.00),
(3809,20220331,791,196,5,12217.00),
(3810,20220331,706,12,9,12884.00),
(3811,20220401,818,29617,9,770.00),
(3812,20220401,942,683,6,2185.00),
(3813,20220401,817,670,5,1501.00),
(3814,20220401,949,112,3,526.00),
(3815,20220401,716,29784,2,100.00),
(3816,20220401,850,547,3,180.00),
(3817,20220401,743,168,8,10797.00),
(3818,20220401,751,29991,8,28626.00),
(3819,20220402,881,29588,7,378.00),
(3820,20220402,768,508,2,1566.00),
(3821,20220403,982,551,9,6925.00),
(3822,20220403,721,510,4,5726.00),
(3823,20220403,942,29698,6,2185.00),
(3824,20220403,922,254,8,32.00),
(3825,20220403,835,29711,5,2974.00),
(3826,20220403,772,318,11,37400.00),
(3827,20220404,865,29998,5,318.00),
(3828,20220404,963,92,7,5196.00),
(3829,20220405,896,29769,9,3001.00),
(3830,20220405,998,29868,7,3780.00),
(3831,20220405,914,696,6,163.00),
(3832,20220405,769,354,7,5481.00),
(3833,20220405,865,4,9,572.00),
(3834,20220405,905,364,3,1092.00),
(3835,20220406,766,180,4,3132.00),
(3836,20220406,954,136,10,23841.00),
(3837,20220406,783,29893,6,13770.00),
(3838,20220406,921,306,7,35.00),
(3839,20220406,881,343,6,324.00),
(3840,20220406,866,29891,7,445.00),
(3841,20220406,879,29617,5,795.00),
(3842,20220406,915,29797,7,274.00),
(3843,20220407,817,29523,3,901.00),
(3844,20220407,887,448,9,9035.00),
(3845,20220407,827,180,8,2203.00),
(3846,20220407,749,29722,9,32204.00),
(3847,20220407,844,30010,6,120.00),
(3848,20220407,732,84,7,4164.00),
(3849,20220407,990,29663,8,4320.00),
(3850,20220408,935,659,7,283.00),
(3851,20220408,766,29797,5,3915.00),
(3852,20220408,955,29783,7,16688.00),
(3853,20220408,831,30034,3,1046.00),
(3854,20220408,746,29906,6,8098.00),
(3855,20220408,806,29546,6,614.00),
(3856,20220408,806,30045,1,102.00),
(3857,20220408,724,608,10,3372.00),
(3858,20220408,800,29522,10,11205.00),
(3859,20220409,945,29625,5,457.00),
(3860,20220409,744,221,7,9447.00),
(3861,20220409,970,308,4,4859.00),
(3862,20220409,899,29851,8,2667.00),
(3863,20220409,756,624,5,7290.00),
(3864,20220409,885,348,6,6023.00),
(3865,20220409,758,92,9,13122.00),
(3866,20220409,734,29573,10,5948.00),
(3867,20220409,948,29599,8,852.00),
(3868,20220409,799,29503,2,2241.00),
(3869,20220410,734,256,9,5353.00),
(3870,20220410,908,29915,4,108.00),
(3871,20220410,723,29523,3,1012.00),
(3872,20220410,855,528,8,720.00),
(3873,20220410,779,574,9,20880.00),
(3874,20220410,886,29560,3,1000.00),
(3875,20220410,810,551,3,361.00),
(3876,20220410,909,367,2,78.00),
(3877,20220411,933,29705,2,65.00),
(3878,20220411,941,6,2,162.00),
(3879,20220411,781,674,5,11600.00),
(3880,20220412,804,29761,8,1836.00),
(3881,20220412,849,30004,2,120.00),
(3882,20220412,876,205,10,1200.00),
(3883,20220412,902,30076,1,333.00),
(3884,20220412,880,222,7,385.00),
(3885,20220412,910,353,1,53.00),
(3886,20220412,945,29591,8,732.00),
(3887,20220412,875,29991,2,18.00),
(3888,20220412,987,377,8,4520.00),
(3889,20220413,979,29881,5,3712.00),
(3890,20220413,813,29991,10,1203.00),
(3891,20220413,772,29523,5,17000.00),
(3892,20220413,764,550,5,3915.00),
(3893,20220413,844,29948,5,100.00),
(3894,20220413,895,29689,11,3668.00),
(3895,20220413,778,150,8,27000.00),
(3896,20220413,752,29545,10,35783.00),
(3897,20220413,971,552,6,7289.00),
(3898,20220414,743,120,9,12146.00),
(3899,20220414,876,29857,10,1200.00),
(3900,20220414,797,128,6,6723.00),
(3901,20220414,956,29832,4,9536.00),
(3902,20220414,919,597,5,1320.00),
(3903,20220415,766,462,5,3915.00),
(3904,20220415,912,502,7,274.00),
(3905,20220415,932,29686,7,175.00),
(3906,20220415,761,346,8,6264.00),
(3907,20220415,803,607,7,1228.00),
(3908,20220415,812,180,4,248.00),
(3909,20220415,861,166,8,304.00),
(3910,20220415,947,29601,5,458.00),
(3911,20220415,938,29847,4,162.00),
(3912,20220416,885,402,10,10039.00),
(3913,20220416,730,407,2,674.00),
(3914,20220416,958,29743,6,4454.00),
(3915,20220416,896,484,7,2334.00),
(3916,20220416,939,433,9,559.00),
(3917,20220416,843,29778,8,200.00),
(3918,20220416,795,456,9,21990.00),
(3919,20220416,967,448,4,9536.00),
(3920,20220417,787,29584,5,5400.00),
(3921,20220417,834,29565,2,1190.00),
(3922,20220418,843,1,8,200.00),
(3923,20220418,911,659,4,108.00),
(3924,20220419,751,562,5,17891.00),
(3925,20220419,793,29686,4,9773.00),
(3926,20220419,851,622,8,480.00),
(3927,20220419,756,354,6,8748.00),
(3928,20220419,732,311,8,4759.00),
(3929,20220419,830,29853,9,3139.00),
(3930,20220419,728,30064,8,2698.00),
(3931,20220419,798,30109,2,2241.00),
(3932,20220419,854,376,7,525.00),
(3933,20220419,852,348,5,375.00),
(3934,20220420,942,372,6,2185.00),
(3935,20220420,902,431,10,3334.00),
(3936,20220420,753,29737,11,39361.00),
(3937,20220420,883,29748,6,324.00),
(3938,20220420,991,240,6,3240.00),
(3939,20220420,960,12,2,1485.00),
(3940,20220420,992,29571,2,1080.00),
(3941,20220421,742,534,4,5458.00),
(3942,20220421,748,384,4,5458.00),
(3943,20220421,846,29819,7,98.00),
(3944,20220421,814,292,8,2790.00),
(3945,20220421,968,29763,7,16688.00),
(3946,20220421,759,37,5,3915.00),
(3947,20220421,834,12,9,5353.00),
(3948,20220421,991,307,8,4320.00),
(3949,20220421,942,367,9,3277.00),
(3950,20220421,917,377,4,1056.00),
(3951,20220421,771,46,5,17000.00),
(3952,20220422,820,293,5,1650.00),
(3953,20220422,967,29813,9,21457.00),
(3954,20220422,791,263,4,9773.00),
(3955,20220422,849,29741,5,300.00),
(3956,20220422,813,202,6,722.00),
(3957,20220422,903,487,4,1334.00),
(3958,20220422,970,29639,9,10934.00),
(3959,20220422,786,148,1,1080.00),
(3960,20220422,905,622,9,3277.00),
(3961,20220422,765,227,1,783.00),
(3962,20220423,976,30061,6,10206.00),
(3963,20220423,859,433,1,24.00),
(3964,20220423,919,383,7,1848.00),
(3965,20220423,801,30029,10,11205.00),
(3966,20220423,760,264,1,783.00),
(3967,20220423,817,262,5,1501.00),
(3968,20220423,991,29929,2,1080.00),
(3969,20220423,998,56,6,3240.00),
(3970,20220423,959,29489,4,2969.00),
(3971,20220423,894,28,4,486.00),
(3972,20220423,821,183,9,1962.00),
(3973,20220424,806,29946,2,205.00),
(3974,20220424,874,262,11,99.00),
(3975,20220424,883,474,6,324.00),
(3976,20220424,727,29574,6,2023.00),
(3977,20220424,991,264,6,3240.00),
(3978,20220424,900,30034,8,2667.00),
(3979,20220424,833,377,5,2974.00),
(3980,20220424,988,29703,2,1130.00),
(3981,20220424,982,29870,2,1539.00),
(3982,20220424,739,415,7,9552.00),
(3983,20220424,975,29915,2,3402.00),
(3984,20220425,993,29931,6,3240.00),
(3985,20220425,924,385,4,999.00),
(3986,20220426,838,29492,8,11452.00),
(3987,20220426,817,29883,6,1801.00),
(3988,20220426,780,202,9,20880.00),
(3989,20220426,891,30061,6,6023.00),
(3990,20220426,791,183,2,4887.00),
(3991,20220426,893,504,8,8031.00),
(3992,20220426,904,388,4,1456.00),
(3993,20220426,824,29850,7,1652.00),
(3994,20220426,860,173,8,196.00),
(3995,20220426,840,29978,5,7158.00),
(3996,20220427,797,334,5,5602.00),
(3997,20220427,935,73,6,243.00),
(3998,20220427,870,29763,3,15.00),
(3999,20220427,962,29617,9,6681.00),
(4000,20220427,909,613,6,235.00),
(4001,20220427,742,490,7,9552.00),
(4002,20220427,906,550,11,4005.00),
(4003,20220428,896,511,1,333.00),
(4004,20220428,832,596,11,3836.00),
(4005,20220428,801,523,9,10084.00),
(4006,20220428,988,29671,6,3390.00),
(4007,20220429,712,30070,6,54.00),
(4008,20220429,899,29872,4,1334.00),
(4009,20220429,992,29571,4,2160.00),
(4010,20220429,734,133,3,1784.00),
(4011,20220429,735,88,3,1784.00),
(4012,20220429,840,29627,7,10021.00),
(4013,20220429,723,497,6,2023.00),
(4014,20220429,793,29734,10,24434.00),
(4015,20220429,881,244,6,324.00),
(4016,20220430,982,29763,10,7695.00),
(4017,20220430,994,29567,4,216.00),
(4018,20220430,960,60,2,1485.00),
(4019,20220430,740,29918,3,4094.00),
(4020,20220430,903,578,2,667.00),
(4021,20220501,818,29908,6,513.00),
(4022,20220502,972,29943,5,6074.00),
(4023,20220502,794,29737,6,14660.00),
(4024,20220502,822,560,5,2974.00),
(4025,20220502,735,91,8,4759.00),
(4026,20220502,992,29635,6,3240.00),
(4027,20220502,860,160,2,49.00),
(4028,20220502,796,29800,7,17103.00),
(4029,20220503,726,29742,11,3709.00),
(4030,20220503,928,346,1,25.00),
(4031,20220503,937,29559,11,891.00),
(4032,20220503,936,318,4,248.00),
(4033,20220503,825,696,6,1963.00),
(4034,20220503,853,430,2,150.00),
(4035,20220503,906,30080,7,2549.00),
(4036,20220503,942,92,4,1456.00),
(4037,20220504,761,29,7,5481.00),
(4038,20220504,728,30089,7,2361.00),
(4039,20220504,859,661,10,245.00),
(4040,20220504,931,29799,6,129.00),
(4041,20220504,970,29720,10,12149.00),
(4042,20220504,879,29956,8,1272.00),
(4043,20220504,849,541,6,360.00),
(4044,20220505,820,29946,6,1980.00),
(4045,20220505,926,322,2,500.00),
(4046,20220505,824,377,7,1652.00),
(4047,20220505,863,701,4,152.00),
(4048,20220505,815,29622,8,486.00),
(4049,20220506,763,29847,5,3915.00),
(4050,20220506,983,5,7,5386.00),
(4051,20220506,829,29727,1,245.00),
(4052,20220506,884,462,11,594.00),
(4053,20220506,732,277,10,5948.00),
(4054,20220506,967,30003,1,2384.00),
(4055,20220506,869,88,3,210.00),
(4056,20220506,795,402,7,17103.00),
(4057,20220506,809,29781,5,310.00),
(4058,20220507,736,29695,4,1349.00),
(4059,20220507,770,29952,3,2349.00),
(4060,20220507,887,29699,1,1004.00),
(4061,20220507,885,360,7,7027.00),
(4062,20220508,884,380,10,540.00),
(4063,20220508,874,29539,7,63.00),
(4064,20220508,714,435,10,500.00),
(4065,20220509,973,490,5,8505.00),
(4066,20220509,863,274,8,304.00),
(4067,20220509,870,455,5,25.00),
(4068,20220509,809,154,3,186.00),
(4069,20220509,717,29714,5,7158.00),
(4070,20220509,866,425,8,508.00),
(4071,20220509,748,59,11,15010.00),
(4072,20220509,862,29843,10,380.00),
(4073,20220509,915,30022,7,274.00),
(4074,20220509,897,29521,3,1000.00),
(4075,20220510,900,608,10,3334.00),
(4076,20220510,914,289,6,163.00),
(4077,20220510,854,111,1,75.00),
(4078,20220510,836,395,1,595.00),
(4079,20220510,711,154,8,280.00),
(4080,20220511,778,29611,9,30375.00),
(4081,20220511,839,29644,10,14315.00),
(4082,20220511,812,29853,9,557.00),
(4083,20220511,749,380,8,28626.00),
(4084,20220511,852,635,11,825.00),
(4085,20220511,964,254,7,5196.00),
(4086,20220511,823,30048,2,175.00),
(4087,20220511,722,474,10,3372.00),
(4088,20220511,724,29913,6,2023.00),
(4089,20220511,898,29936,9,3001.00),
(4090,20220511,984,38,8,4520.00),
(4091,20220512,836,29641,2,1190.00),
(4092,20220512,887,127,9,9035.00),
(4093,20220512,708,29810,6,210.00),
(4094,20220512,819,480,10,2484.00),
(4095,20220512,884,669,2,108.00),
(4096,20220512,743,556,6,8098.00),
(4097,20220512,840,29946,11,15747.00),
(4098,20220512,936,160,7,435.00),
(4099,20220512,929,214,2,60.00),
(4100,20220513,740,74,5,6823.00),
(4101,20220513,822,29559,5,2974.00),
(4102,20220513,882,600,10,540.00),
(4103,20220514,752,328,6,21470.00),
(4104,20220515,854,533,5,375.00),
(4105,20220515,918,29782,10,2641.00),
(4106,20220516,773,96,10,34000.00),
(4107,20220516,799,30102,4,4482.00),
(4108,20220516,939,154,10,621.00),
(4109,20220516,739,30022,1,1365.00),
(4110,20220517,750,109,5,17891.00),
(4111,20220517,876,29644,5,600.00),
(4112,20220517,756,629,4,5832.00),
(4113,20220517,908,148,2,54.00),
(4114,20220517,753,29967,4,14313.00),
(4115,20220518,836,29959,5,2974.00),
(4116,20220518,934,200,5,145.00),
(4117,20220518,816,29810,7,1463.00),
(4118,20220518,766,29864,6,4698.00),
(4119,20220518,874,29627,5,45.00),
(4120,20220519,763,29705,3,2349.00),
(4121,20220519,899,180,5,1667.00),
(4122,20220519,919,29753,10,2641.00),
(4123,20220519,986,29925,3,1695.00),
(4124,20220519,990,344,2,1080.00),
(4125,20220519,928,220,6,150.00),
(4126,20220519,983,29606,4,3078.00),
(4127,20220519,732,331,3,1784.00),
(4128,20220520,861,29574,5,190.00),
(4129,20220520,826,30045,7,788.00),
(4130,20220521,924,151,9,2248.00),
(4131,20220521,854,30008,9,675.00),
(4132,20220521,850,29637,11,660.00),
(4133,20220521,789,29944,6,14660.00),
(4134,20220522,775,29784,2,6750.00),
(4135,20220522,749,677,3,10735.00),
(4136,20220522,807,346,4,499.00),
(4137,20220522,996,88,8,972.00),
(4138,20220522,808,29535,11,490.00),
(4139,20220522,792,172,1,2443.00),
(4140,20220522,905,610,5,1820.00),
(4141,20220522,935,29,5,202.00),
(4142,20220522,826,695,3,338.00),
(4143,20220522,706,214,9,12884.00),
(4144,20220523,736,29576,8,2698.00),
(4145,20220523,859,29737,4,98.00),
(4146,20220523,786,29527,6,6480.00),
(4147,20220523,956,30037,3,7152.00),
(4148,20220523,934,29835,9,261.00),
(4149,20220523,913,29623,3,158.00),
(4150,20220523,748,29787,7,9552.00),
(4151,20220523,808,29644,6,267.00),
(4152,20220523,740,29523,2,2729.00),
(4153,20220523,747,29502,7,9447.00),
(4154,20220524,856,30030,9,810.00),
(4155,20220524,965,382,5,3712.00),
(4156,20220524,738,18,3,1012.00),
(4157,20220524,746,29938,6,8098.00),
(4158,20220524,887,626,4,4016.00),
(4159,20220524,921,289,6,30.00),
(4160,20220524,872,29532,1,9.00),
(4161,20220524,789,74,3,7330.00),
(4162,20220524,845,533,7,175.00),
(4163,20220524,747,660,10,13496.00),
(4164,20220524,805,647,10,342.00),
(4165,20220525,899,29587,9,3001.00),
(4166,20220525,733,114,10,5948.00),
(4167,20220525,962,29660,4,2969.00),
(4168,20220525,866,29769,4,254.00),
(4169,20220525,761,288,6,4698.00),
(4170,20220525,769,30080,10,7830.00),
(4171,20220525,923,29536,4,20.00),
(4172,20220525,755,475,3,4374.00),
(4173,20220525,736,227,2,674.00),
(4174,20220526,774,29973,5,17000.00),
(4175,20220526,895,348,6,2001.00),
(4176,20220526,796,29530,7,17103.00),
(4177,20220526,723,678,10,3372.00),
(4178,20220526,745,29728,5,6748.00),
(4179,20220526,871,208,10,100.00),
(4180,20220527,775,29580,1,3375.00),
(4181,20220527,924,29955,8,1998.00),
(4182,20220527,899,451,7,2334.00),
(4183,20220527,930,226,7,245.00),
(4184,20220527,780,30071,8,18560.00),
(4185,20220527,970,490,3,3645.00),
(4186,20220527,820,397,3,990.00),
(4187,20220528,867,299,1,70.00),
(4188,20220528,754,29793,11,16038.00),
(4189,20220529,762,29533,2,1566.00),
(4190,20220529,727,29541,6,2023.00),
(4191,20220529,889,406,7,7027.00),
(4192,20220529,903,29635,6,2001.00),
(4193,20220529,901,30067,11,3668.00),
(4194,20220529,833,606,8,4759.00),
(4195,20220529,727,545,8,2698.00),
(4196,20220530,837,154,4,5726.00),
(4197,20220530,717,29925,4,5726.00),
(4198,20220530,941,200,3,243.00),
(4199,20220530,825,29662,8,2618.00),
(4200,20220530,807,29852,3,374.00),
(4201,20220530,954,29612,2,4768.00),
(4202,20220530,984,630,7,3955.00),
(4203,20220530,960,96,3,2227.00),
(4204,20220531,847,29545,4,140.00),
(4205,20220531,994,29627,5,270.00),
(4206,20220531,946,133,9,415.00),
(4207,20220531,888,29969,3,3012.00),
(4208,20220531,868,29954,9,630.00),
(4209,20220531,983,29910,7,5386.00),
(4210,20220531,932,661,3,75.00),
(4211,20220531,970,76,6,7289.00),
(4212,20220531,832,29893,11,3836.00),
(4213,20220531,879,74,5,795.00),
(4214,20220531,907,438,9,959.00),
(4215,20220601,767,689,5,3915.00),
(4216,20220601,765,29743,8,6264.00),
(4217,20220601,761,272,10,7830.00),
(4218,20220601,742,570,6,8187.00),
(4219,20220601,940,364,10,810.00),
(4220,20220601,823,29671,7,614.00),
(4221,20220601,755,29944,7,10206.00),
(4222,20220601,815,30070,6,364.00),
(4223,20220601,965,29560,10,7424.00),
(4224,20220601,955,345,1,2384.00),
(4225,20220601,863,455,1,38.00),
(4226,20220602,977,136,5,2700.00),
(4227,20220602,732,255,7,4164.00);

INSERT INTO dbo.FactSalesOrder
VALUES
(4228,20220602,761,607,11,8613.00),
(4229,20220603,882,70,10,540.00),
(4230,20220604,840,29727,9,12884.00),
(4231,20220604,973,113,8,13608.00),
(4232,20220604,780,246,8,18560.00),
(4233,20220605,905,47,10,3641.00),
(4234,20220605,889,29948,5,5020.00),
(4235,20220605,952,277,2,40.00),
(4236,20220605,897,609,5,1667.00),
(4237,20220605,820,570,7,2310.00),
(4238,20220605,859,653,4,98.00),
(4239,20220606,959,472,10,7424.00),
(4240,20220606,742,29797,4,5458.00),
(4241,20220606,743,388,1,1350.00),
(4242,20220606,859,542,11,269.00),
(4243,20220606,726,52,11,3709.00),
(4244,20220606,818,29541,4,342.00),
(4245,20220606,958,29655,10,7424.00),
(4246,20220606,896,29521,10,3334.00),
(4247,20220606,773,542,9,30600.00),
(4248,20220606,946,29853,8,369.00),
(4249,20220607,907,570,10,1065.00),
(4250,20220607,913,29835,8,421.00),
(4251,20220607,732,137,9,5353.00),
(4252,20220607,891,57,7,7027.00),
(4253,20220607,748,29719,5,6823.00),
(4254,20220608,749,29946,3,10735.00),
(4255,20220608,823,30027,5,439.00),
(4256,20220608,914,30051,2,54.00),
(4257,20220608,821,222,10,2180.00),
(4258,20220608,999,30044,4,2160.00),
(4259,20220608,819,29689,6,1490.00),
(4260,20220608,879,29692,4,636.00),
(4261,20220608,949,29673,3,526.00),
(4262,20220608,995,29868,11,1114.00),
(4263,20220609,947,389,6,549.00),
(4264,20220609,930,29824,4,140.00),
(4265,20220609,935,73,4,162.00),
(4266,20220609,992,30074,3,1620.00),
(4267,20220609,781,493,2,4640.00),
(4268,20220609,879,550,7,1113.00),
(4269,20220610,971,29747,6,7289.00),
(4270,20220610,865,29787,9,572.00),
(4271,20220610,847,29805,3,105.00),
(4272,20220610,999,29521,5,2700.00),
(4273,20220610,878,29740,5,110.00),
(4274,20220610,738,223,7,2361.00),
(4275,20220610,809,29521,7,433.00),
(4276,20220610,935,30109,11,445.00),
(4277,20220610,979,214,8,5939.00),
(4278,20220610,757,371,4,5832.00),
(4279,20220610,808,29936,7,312.00),
(4280,20220611,954,30045,10,23841.00),
(4281,20220611,773,484,2,6800.00),
(4282,20220611,741,100,5,6823.00),
(4283,20220612,680,29617,9,12884.00),
(4284,20220612,778,425,7,23625.00),
(4285,20220612,987,240,7,3955.00),
(4286,20220612,810,29727,2,241.00),
(4287,20220612,775,29985,10,33750.00),
(4288,20220612,790,29492,10,24434.00),
(4289,20220613,891,57,4,4016.00),
(4290,20220613,917,29643,5,1320.00),
(4291,20220613,732,280,8,4759.00),
(4292,20220613,919,29776,4,1056.00),
(4293,20220613,856,30053,6,540.00),
(4294,20220613,727,29615,4,1349.00),
(4295,20220613,783,365,8,18360.00),
(4296,20220613,872,29703,8,72.00),
(4297,20220613,944,29978,11,2905.00),
(4298,20220614,911,30106,3,81.00),
(4299,20220614,933,102,9,293.00),
(4300,20220614,907,29737,7,746.00),
(4301,20220614,712,29625,9,81.00),
(4302,20220614,785,322,1,1080.00),
(4303,20220614,845,645,4,100.00),
(4304,20220614,890,29871,9,9035.00),
(4305,20220615,886,48,2,667.00),
(4306,20220615,724,29768,6,2023.00),
(4307,20220615,988,29554,10,5650.00),
(4308,20220616,746,596,5,6748.00),
(4309,20220616,845,29973,7,175.00),
(4310,20220616,816,42,8,1672.00),
(4311,20220616,814,30105,6,2093.00),
(4312,20220616,921,29544,5,25.00),
(4313,20220616,754,29929,1,1458.00),
(4314,20220616,778,29867,10,33750.00),
(4315,20220616,909,29557,5,196.00),
(4316,20220616,928,29554,6,150.00),
(4317,20220616,745,29891,8,10797.00),
(4318,20220616,707,29780,5,175.00),
(4319,20220617,891,451,6,6023.00),
(4320,20220617,953,471,7,8504.00),
(4321,20220617,735,304,10,5948.00),
(4322,20220617,839,679,2,2863.00),
(4323,20220617,716,30003,9,450.00),
(4324,20220617,680,460,8,11452.00),
(4325,20220618,965,30035,8,5939.00),
(4326,20220618,798,160,7,7843.00),
(4327,20220618,953,460,9,10934.00),
(4328,20220618,796,313,4,9773.00),
(4329,20220618,876,30042,10,1200.00),
(4330,20220618,941,29709,10,810.00),
(4331,20220618,817,237,2,600.00),
(4332,20220618,796,457,6,14660.00),
(4333,20220618,841,527,10,600.00),
(4334,20220618,854,698,7,525.00),
(4335,20220619,947,29816,8,733.00),
(4336,20220619,800,29682,10,11205.00),
(4337,20220619,797,644,10,11205.00),
(4338,20220619,845,334,9,225.00),
(4339,20220620,947,115,10,916.00),
(4340,20220620,759,381,2,1566.00),
(4341,20220620,998,403,7,3780.00),
(4342,20220620,796,29969,4,9773.00),
(4343,20220621,730,487,10,3372.00),
(4344,20220621,900,29497,9,3001.00),
(4345,20220621,883,669,5,270.00),
(4346,20220621,973,210,6,10206.00),
(4347,20220621,804,29521,7,1606.00),
(4348,20220621,992,336,2,1080.00),
(4349,20220622,850,30104,11,660.00),
(4350,20220622,781,601,3,6960.00),
(4351,20220623,987,406,4,2260.00),
(4352,20220623,928,29987,7,175.00),
(4353,20220623,826,600,8,901.00),
(4354,20220623,924,29787,5,1249.00),
(4355,20220623,747,398,7,9447.00),
(4356,20220623,772,29524,9,30600.00),
(4357,20220623,745,492,3,4049.00),
(4358,20220623,789,647,9,21990.00),
(4359,20220623,820,181,4,1320.00),
(4360,20220624,726,76,10,3372.00),
(4361,20220624,850,527,8,480.00),
(4362,20220625,722,29930,9,3035.00),
(4363,20220625,879,448,11,1749.00),
(4364,20220625,819,672,7,1739.00),
(4365,20220625,721,487,5,7158.00),
(4366,20220625,985,30029,5,2825.00),
(4367,20220625,783,115,6,13770.00),
(4368,20220625,893,29645,9,9035.00),
(4369,20220626,712,561,7,63.00),
(4370,20220626,762,30074,6,4698.00),
(4371,20220626,803,29674,2,351.00),
(4372,20220627,807,29496,10,1247.00),
(4373,20220627,755,457,4,5832.00),
(4374,20220627,748,29736,4,5458.00),
(4375,20220627,875,598,5,45.00),
(4376,20220627,962,527,2,1485.00),
(4377,20220627,832,29891,1,349.00),
(4378,20220627,814,313,3,1046.00),
(4379,20220627,964,29800,11,8166.00),
(4380,20220627,879,29600,4,636.00),
(4381,20220627,753,29651,6,21470.00),
(4382,20220627,794,701,7,17103.00),
(4383,20220628,905,29919,4,1456.00),
(4384,20220628,757,30089,9,13122.00),
(4385,20220628,901,218,8,2667.00),
(4386,20220628,709,29934,6,57.00),
(4387,20220628,832,29750,9,3139.00),
(4388,20220629,810,129,8,962.00),
(4389,20220629,916,142,2,105.00),
(4390,20220629,926,61,3,749.00),
(4391,20220629,907,29717,9,959.00),
(4392,20220629,712,526,10,90.00),
(4393,20220629,759,30005,8,6264.00),
(4394,20220630,802,30076,11,1630.00),
(4395,20220630,708,118,11,385.00),
(4396,20220630,991,438,2,1080.00),
(4397,20220701,717,674,3,4295.00),
(4398,20220701,779,29789,9,20880.00),
(4399,20220701,949,661,8,1404.00),
(4400,20220701,906,661,11,4005.00),
(4401,20220701,915,205,9,352.00),
(4402,20220701,929,29580,2,60.00),
(4403,20220701,816,462,7,1463.00),
(4404,20220701,864,29954,1,64.00),
(4405,20220701,889,190,9,9035.00),
(4406,20220702,905,29768,10,3641.00),
(4407,20220703,762,190,10,7830.00),
(4408,20220703,894,29535,1,121.00),
(4409,20220703,734,318,6,3569.00),
(4410,20220703,793,30069,8,19547.00),
(4411,20220703,932,316,8,200.00),
(4412,20220703,730,74,10,3372.00),
(4413,20220703,776,217,4,13500.00),
(4414,20220703,884,330,9,486.00),
(4415,20220704,712,34,8,72.00),
(4416,20220704,965,418,6,4454.00),
(4417,20220705,841,29582,2,120.00),
(4418,20220706,810,6,5,601.00),
(4419,20220706,869,246,10,700.00),
(4420,20220706,837,29992,4,5726.00),
(4421,20220707,958,29832,3,2227.00),
(4422,20220707,935,527,5,202.00),
(4423,20220707,878,400,8,176.00),
(4424,20220707,993,471,9,4860.00),
(4425,20220707,752,650,10,35783.00),
(4426,20220707,750,29903,3,10735.00),
(4427,20220707,873,184,6,14.00),
(4428,20220707,864,29740,5,318.00),
(4429,20220708,983,29705,7,5386.00),
(4430,20220708,744,29492,3,4049.00),
(4431,20220708,831,29763,5,1744.00),
(4432,20220708,971,29938,6,7289.00),
(4433,20220709,757,29826,10,14580.00),
(4434,20220709,968,346,5,11920.00),
(4435,20220709,755,29523,4,5832.00),
(4436,20220709,736,95,5,1686.00),
(4437,20220709,761,504,1,783.00),
(4438,20220709,759,424,3,2349.00),
(4439,20220709,740,29783,4,5458.00),
(4440,20220709,820,533,4,1320.00),
(4441,20220709,797,617,3,3361.00),
(4442,20220709,961,478,1,742.00),
(4443,20220710,956,29772,5,11920.00),
(4444,20220710,880,29728,5,275.00),
(4445,20220710,910,385,8,421.00),
(4446,20220710,915,29528,8,313.00),
(4447,20220711,740,30072,5,6823.00),
(4448,20220711,960,534,8,5939.00),
(4449,20220712,993,29521,10,5400.00),
(4450,20220712,970,209,8,9719.00),
(4451,20220712,840,610,2,2863.00),
(4452,20220712,780,394,3,6960.00),
(4453,20220712,968,30044,11,26225.00),
(4454,20220712,957,29797,8,19073.00),
(4455,20220712,961,29612,8,5939.00),
(4456,20220712,947,645,9,824.00),
(4457,20220712,904,30098,6,2185.00),
(4458,20220713,936,30089,6,373.00),
(4459,20220713,817,310,8,2402.00),
(4460,20220713,782,29629,9,20655.00),
(4461,20220713,950,678,2,513.00),
(4462,20220713,816,434,9,1881.00),
(4463,20220714,955,325,9,21457.00),
(4464,20220714,989,29635,2,1080.00),
(4465,20220714,995,290,9,911.00),
(4466,20220714,995,29934,7,709.00),
(4467,20220714,853,29946,5,375.00),
(4468,20220714,883,649,5,270.00),
(4469,20220714,940,30074,4,324.00),
(4470,20220714,850,622,6,360.00),
(4471,20220714,797,228,4,4482.00),
(4472,20220715,893,29890,1,1004.00),
(4473,20220715,925,29868,7,1749.00),
(4474,20220715,967,29544,9,21457.00),
(4475,20220715,818,29982,5,428.00),
(4476,20220716,871,203,2,20.00),
(4477,20220716,742,29709,8,10916.00),
(4478,20220717,887,30106,5,5020.00),
(4479,20220717,817,150,3,901.00),
(4480,20220717,951,527,6,2430.00),
(4481,20220717,858,30003,11,269.00),
(4482,20220717,871,30004,9,90.00),
(4483,20220717,857,322,6,540.00),
(4484,20220717,983,29901,8,6156.00),
(4485,20220717,921,30024,9,45.00),
(4486,20220717,915,235,2,78.00),
(4487,20220717,777,331,8,27000.00),
(4488,20220718,957,653,2,4768.00),
(4489,20220718,973,30117,11,18711.00),
(4490,20220718,712,452,3,27.00),
(4491,20220718,776,30037,8,27000.00),
(4492,20220718,811,30004,9,401.00),
(4493,20220719,777,623,8,27000.00),
(4494,20220719,725,19,5,1686.00),
(4495,20220719,841,488,7,420.00),
(4496,20220719,735,94,9,5353.00),
(4497,20220719,713,365,8,400.00),
(4498,20220720,888,30056,2,2008.00),
(4499,20220720,938,29748,7,283.00),
(4500,20220720,803,30064,1,175.00),
(4501,20220721,991,29606,11,5940.00),
(4502,20220721,885,388,5,5020.00),
(4503,20220721,902,649,5,1667.00),
(4504,20220721,792,29934,6,14660.00),
(4505,20220721,869,29502,1,70.00),
(4506,20220722,868,471,10,700.00),
(4507,20220722,758,156,10,14580.00),
(4508,20220722,884,30106,4,216.00),
(4509,20220722,811,29716,2,89.00),
(4510,20220722,842,30064,1,125.00),
(4511,20220722,938,276,2,81.00),
(4512,20220722,817,582,9,2702.00),
(4513,20220722,954,309,9,21457.00),
(4514,20220722,940,29616,2,162.00),
(4515,20220722,878,29714,7,154.00),
(4516,20220722,898,683,3,1000.00),
(4517,20220723,834,48,6,3569.00),
(4518,20220723,981,24,9,6925.00),
(4519,20220723,997,509,6,3240.00),
(4520,20220723,710,29971,9,86.00),
(4521,20220723,726,366,5,1686.00),
(4522,20220724,852,41,7,525.00),
(4523,20220724,749,507,8,28626.00),
(4524,20220725,908,29743,6,163.00),
(4525,20220725,812,113,11,681.00),
(4526,20220725,919,29567,3,792.00),
(4527,20220725,936,323,6,373.00),
(4528,20220725,977,376,11,5940.00),
(4529,20220725,834,55,7,4164.00),
(4530,20220725,980,30058,8,6156.00),
(4531,20220725,778,698,1,3375.00),
(4532,20220726,762,438,10,7830.00),
(4533,20220726,835,29866,10,5948.00),
(4534,20220727,871,30067,3,30.00),
(4535,20220727,948,220,1,107.00),
(4536,20220727,848,336,6,270.00),
(4537,20220727,795,29763,2,4887.00),
(4538,20220727,899,227,11,3668.00),
(4539,20220727,831,30018,5,1744.00),
(4540,20220727,723,29522,9,3035.00),
(4541,20220727,978,29739,3,2227.00),
(4542,20220727,815,30,5,304.00),
(4543,20220727,731,74,1,595.00),
(4544,20220727,895,40,8,2667.00),
(4545,20220728,842,184,10,1250.00),
(4546,20220728,864,550,6,381.00),
(4547,20220728,907,30106,10,1065.00),
(4548,20220728,795,29938,5,12217.00),
(4549,20220728,867,624,3,210.00),
(4550,20220728,846,30076,8,112.00),
(4551,20220729,964,29644,4,2969.00),
(4552,20220729,869,120,2,140.00),
(4553,20220729,956,563,11,26225.00),
(4554,20220729,731,29645,7,4164.00),
(4555,20220729,760,595,4,3132.00),
(4556,20220729,949,610,2,351.00),
(4557,20220730,761,669,2,1566.00),
(4558,20220730,974,389,3,5103.00),
(4559,20220730,773,29902,1,3400.00),
(4560,20220730,797,29832,2,2241.00),
(4561,20220731,942,146,5,1820.00),
(4562,20220731,731,151,8,4759.00),
(4563,20220731,756,29864,9,13122.00),
(4564,20220731,745,29835,8,10797.00),
(4565,20220731,853,29739,10,750.00),
(4566,20220731,980,29553,6,4617.00),
(4567,20220731,835,29655,3,1784.00),
(4568,20220731,964,29897,10,7424.00),
(4569,20220731,815,598,8,486.00),
(4570,20220801,809,111,10,619.00),
(4571,20220801,863,29834,2,76.00),
(4572,20220801,827,118,3,826.00),
(4573,20220801,794,29737,3,7330.00),
(4574,20220801,945,29598,2,183.00),
(4575,20220801,789,29934,4,9773.00),
(4576,20220801,869,30036,10,700.00),
(4577,20220801,899,29780,8,2667.00),
(4578,20220801,995,29616,3,304.00),
(4579,20220801,978,469,11,8166.00),
(4580,20220802,792,336,7,17103.00),
(4581,20220802,767,316,7,5481.00),
(4582,20220802,961,620,11,8166.00),
(4583,20220802,980,29550,5,3847.00),
(4584,20220802,743,131,6,8098.00),
(4585,20220802,807,228,3,374.00),
(4586,20220802,793,228,3,7330.00),
(4587,20220802,841,29975,7,420.00),
(4588,20220802,986,29843,8,4520.00),
(4589,20220802,873,29920,2,5.00),
(4590,20220803,822,631,6,3569.00),
(4591,20220803,915,29709,7,274.00),
(4592,20220803,995,29654,4,405.00),
(4593,20220804,784,397,7,16065.00),
(4594,20220804,890,30104,3,3012.00),
(4595,20220804,838,29711,1,1432.00),
(4596,20220804,842,29884,3,375.00),
(4597,20220804,736,29591,6,2023.00),
(4598,20220804,756,29763,2,2916.00),
(4599,20220804,825,454,9,2945.00),
(4600,20220804,969,192,8,19073.00),
(4601,20220804,832,298,4,1395.00),
(4602,20220804,841,361,8,480.00),
(4603,20220804,734,91,9,5353.00),
(4604,20220805,957,29885,9,21457.00),
(4605,20220805,784,29644,9,20655.00),
(4606,20220805,988,399,7,3955.00),
(4607,20220805,827,563,4,1102.00),
(4608,20220805,770,145,8,6264.00),
(4609,20220806,733,683,10,5948.00),
(4610,20220806,945,29554,4,366.00),
(4611,20220806,928,310,8,200.00),
(4612,20220806,801,30061,2,2241.00),
(4613,20220806,724,29620,4,1349.00),
(4614,20220806,991,29702,9,4860.00),
(4615,20220806,828,570,4,1428.00),
(4616,20220806,763,29497,3,2349.00),
(4617,20220806,724,29858,5,1686.00),
(4618,20220806,926,30044,8,1998.00),
(4619,20220806,851,385,11,660.00),
(4620,20220807,930,30030,8,280.00),
(4621,20220807,712,491,7,63.00),
(4622,20220807,961,29505,2,1485.00),
(4623,20220807,948,66,6,639.00),
(4624,20220807,721,154,5,7158.00),
(4625,20220807,868,599,4,280.00),
(4626,20220808,861,29793,10,380.00),
(4627,20220808,722,545,7,2361.00),
(4628,20220808,900,29765,5,1667.00),
(4629,20220808,721,30115,3,4295.00),
(4630,20220808,815,289,1,61.00),
(4631,20220808,708,541,4,140.00),
(4632,20220808,797,47,8,8964.00),
(4633,20220808,714,29763,4,200.00),
(4634,20220808,737,493,4,1349.00),
(4635,20220808,991,113,7,3780.00),
(4636,20220808,976,262,4,6804.00),
(4637,20220809,928,30070,2,50.00),
(4638,20220809,858,29764,9,220.00),
(4639,20220809,804,29948,7,1606.00),
(4640,20220809,766,29508,1,783.00),
(4641,20220810,707,244,6,210.00),
(4642,20220810,947,30034,10,916.00),
(4643,20220810,726,164,10,3372.00),
(4644,20220810,950,30025,11,2821.00),
(4645,20220810,719,29939,6,8589.00),
(4646,20220810,963,29615,6,4454.00),
(4647,20220810,927,30070,6,1499.00),
(4648,20220810,895,30033,7,2334.00),
(4649,20220811,775,395,11,37125.00),
(4650,20220811,840,362,8,11452.00),
(4651,20220811,766,400,1,783.00),
(4652,20220811,896,30112,5,1667.00),
(4653,20220811,956,335,5,11920.00),
(4654,20220812,777,28,5,16875.00),
(4655,20220813,979,59,6,4454.00),
(4656,20220813,800,30070,5,5602.00),
(4657,20220813,708,417,6,210.00),
(4658,20220813,888,382,1,1004.00),
(4659,20220813,903,29794,10,3334.00),
(4660,20220814,962,79,10,7424.00),
(4661,20220814,777,532,4,13500.00),
(4662,20220814,828,259,11,3928.00),
(4663,20220815,829,29596,8,1960.00),
(4664,20220815,748,556,6,8187.00),
(4665,20220815,785,29625,3,3240.00),
(4666,20220815,972,650,10,12149.00),
(4667,20220815,715,30010,6,300.00),
(4668,20220815,785,529,9,9720.00),
(4669,20220815,938,264,5,202.00),
(4670,20220815,965,29937,7,5196.00),
(4671,20220816,987,29727,4,2260.00),
(4672,20220816,978,106,2,1485.00),
(4673,20220816,717,29925,11,15747.00),
(4674,20220816,914,29560,2,54.00),
(4675,20220817,790,29890,9,21990.00),
(4676,20220817,861,529,7,266.00),
(4677,20220817,767,137,2,1566.00),
(4678,20220817,732,29560,1,595.00),
(4679,20220817,862,678,6,228.00),
(4680,20220817,988,379,6,3390.00),
(4681,20220818,987,29588,6,3390.00),
(4682,20220818,866,30071,2,127.00),
(4683,20220818,942,30074,9,3277.00),
(4684,20220819,800,280,8,8964.00),
(4685,20220819,843,52,5,125.00),
(4686,20220819,987,29490,4,2260.00),
(4687,20220820,783,29636,11,25245.00),
(4688,20220820,806,30037,3,307.00),
(4689,20220820,746,453,2,2699.00),
(4690,20220821,843,29580,9,225.00),
(4691,20220822,932,52,5,125.00),
(4692,20220822,968,327,10,23841.00),
(4693,20220822,747,471,2,2699.00),
(4694,20220822,785,29775,5,5400.00),
(4695,20220822,860,29949,9,220.00),
(4696,20220822,795,381,4,9773.00),
(4697,20220823,783,12,11,25245.00),
(4698,20220823,955,29805,8,19073.00),
(4699,20220823,722,220,2,674.00),
(4700,20220823,853,29809,1,75.00),
(4701,20220823,887,425,6,6023.00),
(4702,20220823,951,130,11,4455.00),
(4703,20220823,895,29793,1,333.00),
(4704,20220824,809,489,4,248.00),
(4705,20220824,736,292,7,2361.00),
(4706,20220824,807,29824,2,249.00),
(4707,20220824,763,380,1,783.00),
(4708,20220824,752,76,9,32204.00),
(4709,20220824,903,1,8,2667.00),
(4710,20220825,945,155,1,91.00),
(4711,20220825,851,76,9,540.00),
(4712,20220825,942,30083,7,2549.00),
(4713,20220825,797,29797,1,1120.00),
(4714,20220825,734,29938,2,1190.00),
(4715,20220825,828,29775,9,3214.00),
(4716,20220825,752,221,6,21470.00),
(4717,20220825,789,29983,1,2443.00),
(4718,20220826,899,692,1,333.00),
(4719,20220826,989,223,7,3780.00),
(4720,20220826,941,29558,8,648.00),
(4721,20220826,766,660,10,7830.00),
(4722,20220826,706,29902,4,5726.00),
(4723,20220826,985,545,2,1130.00),
(4724,20220826,859,29774,10,245.00),
(4725,20220826,832,29855,9,3139.00),
(4726,20220826,977,29611,7,3780.00),
(4727,20220826,946,29727,3,138.00),
(4728,20220826,757,401,10,14580.00),
(4729,20220827,756,60,10,14580.00),
(4730,20220828,864,56,10,635.00),
(4731,20220828,761,29885,10,7830.00),
(4732,20220828,897,604,8,2667.00),
(4733,20220828,827,30000,11,3029.00),
(4734,20220828,876,29842,7,840.00),
(4735,20220828,972,190,5,6074.00),
(4736,20220828,773,149,1,3400.00),
(4737,20220829,886,543,2,667.00),
(4738,20220829,946,29918,2,92.00),
(4739,20220830,781,30008,9,20880.00),
(4740,20220830,774,149,5,17000.00),
(4741,20220830,853,97,11,825.00),
(4742,20220830,962,29485,6,4454.00),
(4743,20220830,878,462,4,88.00),
(4744,20220830,927,232,6,1499.00),
(4745,20220830,740,29835,11,15010.00),
(4746,20220830,794,455,6,14660.00),
(4747,20220830,886,30021,7,2334.00),
(4748,20220831,961,424,2,1485.00),
(4749,20220831,979,30053,6,4454.00),
(4750,20220831,806,127,11,1125.00),
(4751,20220831,935,142,4,162.00),
(4752,20220831,803,30083,8,1404.00),
(4753,20220831,903,29850,7,2334.00),
(4754,20220831,874,556,10,90.00),
(4755,20220831,778,64,10,33750.00),
(4756,20220831,725,29716,4,1349.00),
(4757,20220831,901,29796,5,1667.00),
(4758,20220831,825,29994,8,2618.00),
(4759,20220901,877,79,11,87.00),
(4760,20220901,764,156,9,7047.00),
(4761,20220901,738,635,8,2698.00),
(4762,20220902,739,29876,3,4094.00),
(4763,20220902,842,595,3,375.00),
(4764,20220902,986,29835,3,1695.00),
(4765,20220902,715,545,8,400.00),
(4766,20220902,944,511,8,2112.00),
(4767,20220902,994,169,4,216.00),
(4768,20220903,990,547,8,4320.00),
(4769,20220903,818,59,9,770.00),
(4770,20220904,941,29982,2,162.00),
(4771,20220904,805,451,8,274.00),
(4772,20220904,758,29800,5,7290.00),
(4773,20220904,908,219,2,54.00),
(4774,20220905,828,29631,4,1428.00),
(4775,20220905,761,30095,9,7047.00),
(4776,20220905,927,376,3,749.00),
(4777,20220905,879,29764,10,1590.00),
(4778,20220905,794,6,6,14660.00),
(4779,20220905,899,607,8,2667.00),
(4780,20220905,822,671,9,5353.00),
(4781,20220905,840,390,6,8589.00),
(4782,20220905,788,497,6,6480.00),
(4783,20220905,754,292,10,14580.00),
(4784,20220906,747,29708,7,9447.00),
(4785,20220906,824,29872,5,1180.00),
(4786,20220907,895,29649,9,3001.00),
(4787,20220907,967,29864,8,19073.00),
(4788,20220907,923,29643,9,45.00),
(4789,20220907,866,73,8,508.00),
(4790,20220907,984,182,8,4520.00),
(4791,20220907,996,29536,5,607.00),
(4792,20220907,920,186,4,1056.00),
(4793,20220907,950,29765,10,2565.00),
(4794,20220907,961,29521,4,2969.00),
(4795,20220907,799,532,4,4482.00),
(4796,20220907,893,668,10,10039.00),
(4797,20220908,998,241,5,2700.00),
(4798,20220908,850,97,7,420.00),
(4799,20220908,800,29824,4,4482.00),
(4800,20220909,822,21,3,1784.00),
(4801,20220909,937,95,2,162.00),
(4802,20220909,809,514,4,248.00),
(4803,20220909,959,245,5,3712.00),
(4804,20220909,947,29903,4,366.00),
(4805,20220909,823,29835,2,175.00),
(4806,20220909,748,29948,5,6823.00),
(4807,20220909,965,30037,7,5196.00),
(4808,20220909,766,226,3,2349.00),
(4809,20220909,809,29990,6,372.00),
(4810,20220910,864,272,9,572.00),
(4811,20220910,766,365,2,1566.00),
(4812,20220911,870,29908,1,5.00),
(4813,20220911,870,236,9,45.00),
(4814,20220911,934,59,9,261.00),
(4815,20220911,812,29985,4,248.00),
(4816,20220911,744,574,2,2699.00),
(4817,20220911,971,29544,10,12149.00),
(4818,20220911,995,29503,4,405.00),
(4819,20220911,819,545,2,497.00),
(4820,20220911,879,295,4,636.00),
(4821,20220912,848,208,3,135.00),
(4822,20220912,952,42,10,202.00),
(4823,20220912,773,29797,4,13600.00),
(4824,20220912,887,29643,3,3012.00),
(4825,20220912,867,168,9,630.00),
(4826,20220912,726,30048,10,3372.00),
(4827,20220912,931,30083,10,215.00),
(4828,20220912,943,95,7,1749.00),
(4829,20220913,930,421,3,105.00),
(4830,20220913,918,353,8,2112.00),
(4831,20220913,807,335,6,748.00),
(4832,20220913,726,343,4,1349.00),
(4833,20220913,998,184,7,3780.00),
(4834,20220913,744,452,10,13496.00),
(4835,20220913,986,683,5,2825.00),
(4836,20220913,799,109,3,3361.00),
(4837,20220913,750,29910,10,35783.00),
(4838,20220914,889,29490,2,2008.00),
(4839,20220914,754,653,9,13122.00),
(4840,20220915,783,480,9,20655.00),
(4841,20220915,865,511,10,635.00),
(4842,20220915,914,478,8,217.00),
(4843,20220915,737,344,5,1686.00),
(4844,20220915,855,29508,2,180.00),
(4845,20220916,806,112,3,307.00),
(4846,20220917,968,669,3,7152.00),
(4847,20220917,710,286,5,48.00),
(4848,20220917,865,570,5,318.00),
(4849,20220917,801,29692,5,5602.00),
(4850,20220917,711,196,1,35.00),
(4851,20220917,832,29981,10,3488.00),
(4852,20220917,918,165,9,2376.00),
(4853,20220918,941,29943,6,486.00),
(4854,20220918,764,311,10,7830.00),
(4855,20220918,765,209,10,7830.00),
(4856,20220918,828,21,11,3928.00),
(4857,20220918,809,29515,1,62.00),
(4858,20220919,906,29666,8,2913.00),
(4859,20220919,738,694,5,1686.00),
(4860,20220919,864,30093,8,508.00),
(4861,20220920,821,102,8,1744.00),
(4862,20220920,929,546,5,150.00),
(4863,20220920,790,435,6,14660.00),
(4864,20220920,914,218,2,54.00),
(4865,20220920,798,66,3,3361.00),
(4866,20220920,933,30083,6,196.00),
(4867,20220920,798,698,2,2241.00),
(4868,20220920,852,416,6,450.00),
(4869,20220920,746,168,4,5398.00),
(4870,20220920,909,79,5,196.00),
(4871,20220921,933,29874,4,130.00),
(4872,20220922,760,29747,10,7830.00),
(4873,20220922,730,29596,1,337.00),
(4874,20220922,766,29720,10,7830.00),
(4875,20220922,791,39,1,2443.00),
(4876,20220922,890,426,9,9035.00),
(4877,20220922,794,29796,8,19547.00),
(4878,20220922,798,29975,9,10084.00),
(4879,20220922,975,43,7,11907.00),
(4880,20220922,743,10,3,4049.00),
(4881,20220923,720,29832,8,11452.00),
(4882,20220923,738,163,9,3035.00),
(4883,20220923,856,629,5,450.00),
(4884,20220924,988,625,8,4520.00),
(4885,20220924,850,29711,3,180.00),
(4886,20220924,742,29568,5,6823.00),
(4887,20220924,788,29499,11,11880.00),
(4888,20220924,756,29559,1,1458.00),
(4889,20220924,742,29865,1,1365.00),
(4890,20220924,863,30105,9,342.00),
(4891,20220924,890,29606,3,3012.00),
(4892,20220924,921,29741,6,30.00),
(4893,20220925,731,2,2,1190.00),
(4894,20220925,786,484,7,7560.00),
(4895,20220925,868,29876,4,280.00),
(4896,20220925,871,30116,5,50.00),
(4897,20220925,855,362,4,360.00),
(4898,20220925,810,142,9,1082.00),
(4899,20220926,862,406,7,266.00),
(4900,20220926,740,30008,10,13645.00),
(4901,20220926,938,493,4,162.00),
(4902,20220926,795,29842,9,21990.00),
(4903,20220927,800,29576,8,8964.00),
(4904,20220927,731,492,4,2379.00),
(4905,20220927,733,150,2,1190.00),
(4906,20220927,857,29703,6,540.00),
(4907,20220928,989,29738,3,1620.00),
(4908,20220928,714,191,7,350.00),
(4909,20220928,881,385,9,486.00),
(4910,20220928,742,406,10,13645.00),
(4911,20220928,754,29826,2,2916.00),
(4912,20220928,837,29711,4,5726.00),
(4913,20220928,935,504,4,162.00),
(4914,20220928,884,130,4,216.00),
(4915,20220928,754,29486,7,10206.00),
(4916,20220928,724,673,7,2361.00),
(4917,20220929,903,29964,5,1667.00),
(4918,20220929,863,227,4,152.00),
(4919,20220929,834,29720,3,1784.00),
(4920,20220930,749,29566,6,21470.00),
(4921,20220930,796,673,5,12217.00),
(4922,20220930,816,451,3,627.00),
(4923,20220930,916,275,5,263.00),
(4924,20220930,804,227,8,1836.00),
(4925,20221001,725,221,3,1012.00),
(4926,20221001,772,29773,8,27200.00),
(4927,20221001,924,29649,7,1749.00),
(4928,20221002,790,609,9,21990.00),
(4929,20221002,940,407,5,405.00),
(4930,20221002,994,29666,11,594.00),
(4931,20221002,994,29680,2,108.00),
(4932,20221002,902,174,2,667.00),
(4933,20221002,840,237,5,7158.00),
(4934,20221002,951,127,10,4050.00),
(4935,20221002,861,311,10,380.00),
(4936,20221002,923,412,10,50.00),
(4937,20221002,826,29768,4,450.00),
(4938,20221003,740,455,7,9552.00),
(4939,20221003,837,30095,2,2863.00),
(4940,20221003,863,29926,8,304.00),
(4941,20221003,939,29567,2,124.00),
(4942,20221003,993,29736,1,540.00),
(4943,20221003,914,30090,9,244.00),
(4944,20221003,903,29953,10,3334.00),
(4945,20221004,878,29865,7,154.00),
(4946,20221004,726,114,2,674.00),
(4947,20221004,709,29956,6,57.00),
(4948,20221004,804,82,2,459.00),
(4949,20221004,893,29747,2,2008.00),
(4950,20221004,820,637,3,990.00),
(4951,20221004,769,29690,9,7047.00),
(4952,20221004,921,29920,2,10.00),
(4953,20221004,809,29496,10,619.00),
(4954,20221004,988,543,11,6215.00),
(4955,20221005,785,398,2,2160.00),
(4956,20221005,993,29524,4,2160.00),
(4957,20221006,924,29800,6,1499.00),
(4958,20221006,954,29753,2,4768.00),
(4959,20221006,797,30100,7,7843.00),
(4960,20221006,865,29696,8,508.00),
(4961,20221006,790,29915,2,4887.00),
(4962,20221006,961,192,1,742.00),
(4963,20221006,722,91,11,3709.00),
(4964,20221006,725,148,1,337.00),
(4965,20221006,725,29554,4,1349.00),
(4966,20221006,901,30042,7,2334.00),
(4967,20221007,814,30115,8,2790.00),
(4968,20221007,828,29615,10,3571.00),
(4969,20221007,718,208,5,7158.00),
(4970,20221007,910,586,11,579.00),
(4971,20221007,813,653,10,1203.00),
(4972,20221007,755,259,8,11664.00),
(4973,20221007,950,601,1,256.00),
(4974,20221007,987,25,1,565.00),
(4975,20221007,762,383,8,6264.00),
(4976,20221008,900,29921,2,667.00),
(4977,20221008,838,29567,5,7158.00),
(4978,20221008,859,29944,9,220.00),
(4979,20221008,727,164,7,2361.00),
(4980,20221008,797,29722,9,10084.00),
(4981,20221008,928,73,2,50.00),
(4982,20221008,907,29603,5,533.00),
(4983,20221008,921,30053,1,5.00),
(4984,20221008,864,443,11,699.00),
(4985,20221008,977,281,5,2700.00),
(4986,20221008,868,29508,2,140.00),
(4987,20221009,767,30048,7,5481.00),
(4988,20221009,718,29859,9,12884.00),
(4989,20221009,950,659,8,2052.00),
(4990,20221009,799,418,9,10084.00),
(4991,20221009,994,29688,7,378.00),
(4992,20221009,821,497,7,1526.00),
(4993,20221009,995,532,9,911.00),
(4994,20221009,895,29997,5,1667.00),
(4995,20221009,863,94,11,418.00),
(4996,20221010,769,29550,4,3132.00),
(4997,20221010,730,623,3,1012.00),
(4998,20221010,783,29818,6,13770.00),
(4999,20221010,784,29914,4,9180.00),
(5000,20221010,912,559,9,352.00),
(5001,20221010,855,29861,4,360.00),
(5002,20221010,799,547,4,4482.00),
(5003,20221010,890,29560,8,8031.00),
(5004,20221011,795,18,7,17103.00),
(5005,20221011,936,29747,6,373.00),
(5006,20221011,796,29580,7,17103.00),
(5007,20221011,843,29583,3,75.00),
(5008,20221011,765,29553,5,3915.00),
(5009,20221011,871,479,9,90.00),
(5010,20221011,939,574,9,559.00),
(5011,20221011,746,587,6,8098.00),
(5012,20221011,871,29763,7,70.00),
(5013,20221012,868,29535,1,70.00),
(5014,20221012,981,533,8,6156.00),
(5015,20221012,749,29692,8,28626.00),
(5016,20221012,949,29971,4,702.00),
(5017,20221012,910,29611,6,316.00),
(5018,20221012,729,29800,3,1012.00),
(5019,20221012,939,29644,11,683.00),
(5020,20221012,814,468,3,1046.00),
(5021,20221012,717,226,3,4295.00),
(5022,20221013,980,300,11,8464.00),
(5023,20221013,871,29893,6,60.00),
(5024,20221013,910,29569,3,158.00),
(5025,20221013,744,30094,7,9447.00),
(5026,20221013,977,241,8,4320.00),
(5027,20221013,957,29485,6,14304.00),
(5028,20221013,716,487,8,400.00),
(5029,20221013,780,29727,2,4640.00),
(5030,20221014,761,29953,10,7830.00),
(5031,20221014,999,29891,6,3240.00),
(5032,20221014,791,239,1,2443.00),
(5033,20221014,854,529,2,150.00),
(5034,20221014,835,29738,3,1784.00),
(5035,20221014,749,42,5,17891.00),
(5036,20221014,857,29646,8,720.00),
(5037,20221014,875,29645,5,45.00),
(5038,20221015,850,514,4,240.00),
(5039,20221015,878,568,8,176.00),
(5040,20221015,955,185,4,9536.00),
(5041,20221015,710,30005,3,29.00),
(5042,20221015,862,138,2,76.00),
(5043,20221015,876,577,6,720.00),
(5044,20221015,951,29787,4,1620.00),
(5045,20221015,942,149,9,3277.00),
(5046,20221015,720,217,11,15747.00),
(5047,20221016,908,268,10,271.00),
(5048,20221016,731,30067,2,1190.00),
(5049,20221016,868,552,9,630.00),
(5050,20221016,802,523,8,1186.00),
(5051,20221017,813,309,3,361.00),
(5052,20221017,849,192,4,240.00),
(5053,20221017,725,28,10,3372.00),
(5054,20221017,913,112,8,421.00),
(5055,20221017,890,29654,11,11043.00),
(5056,20221017,957,426,5,11920.00),
(5057,20221017,884,127,3,162.00),
(5058,20221018,886,226,4,1334.00),
(5059,20221018,755,29994,10,14580.00),
(5060,20221018,995,29834,4,405.00),
(5061,20221018,976,29848,9,15309.00),
(5062,20221018,961,174,7,5196.00),
(5063,20221018,955,534,2,4768.00),
(5064,20221018,760,30032,2,1566.00),
(5065,20221018,815,29612,5,304.00),
(5066,20221018,959,421,9,6681.00),
(5067,20221018,793,29588,8,19547.00),
(5068,20221019,831,542,9,3139.00),
(5069,20221019,811,578,1,45.00),
(5070,20221019,828,29722,9,3214.00),
(5071,20221019,823,382,5,439.00),
(5072,20221019,829,29941,11,2695.00),
(5073,20221019,876,24,5,600.00),
(5074,20221019,926,610,9,2248.00),
(5075,20221019,786,268,2,2160.00),
(5076,20221019,800,439,4,4482.00),
(5077,20221019,794,24,7,17103.00),
(5078,20221019,719,29971,9,12884.00),
(5079,20221020,726,30118,5,1686.00),
(5080,20221020,965,29684,5,3712.00),
(5081,20221020,836,29625,10,5948.00),
(5082,20221020,790,150,7,17103.00),
(5083,20221020,806,30090,11,1125.00),
(5084,20221020,804,29489,8,1836.00),
(5085,20221020,986,30106,2,1130.00),
(5086,20221021,895,29541,10,3334.00),
(5087,20221021,855,244,10,900.00),
(5088,20221021,753,595,5,17891.00),
(5089,20221021,838,29874,2,2863.00),
(5090,20221021,730,96,6,2023.00),
(5091,20221021,879,29941,4,636.00),
(5092,20221021,981,629,10,7695.00),
(5093,20221021,892,40,7,7027.00),
(5094,20221021,830,610,3,1046.00),
(5095,20221021,953,29990,4,4859.00),
(5096,20221021,880,25,3,165.00),
(5097,20221022,865,47,7,445.00),
(5098,20221022,773,38,3,10200.00),
(5099,20221022,767,30061,6,4698.00),
(5100,20221022,777,29865,1,3375.00),
(5101,20221022,852,30030,3,225.00),
(5102,20221022,722,235,9,3035.00),
(5103,20221022,919,16,10,2641.00),
(5104,20221022,822,52,10,5948.00),
(5105,20221022,853,400,4,300.00),
(5106,20221022,902,29822,5,1667.00),
(5107,20221023,882,29643,2,108.00),
(5108,20221023,981,29548,2,1539.00),
(5109,20221023,811,581,5,223.00),
(5110,20221023,914,327,8,217.00),
(5111,20221023,730,29939,6,2023.00),
(5112,20221023,737,29867,11,3709.00),
(5113,20221024,937,29983,2,162.00),
(5114,20221024,816,155,1,209.00),
(5115,20221024,799,29573,8,8964.00),
(5116,20221024,734,106,10,5948.00),
(5117,20221024,968,76,6,14304.00),
(5118,20221025,727,29806,6,2023.00),
(5119,20221025,918,29588,1,264.00),
(5120,20221025,710,606,6,57.00),
(5121,20221025,811,529,8,356.00),
(5122,20221025,835,29929,7,4164.00),
(5123,20221026,880,29891,10,550.00),
(5124,20221026,738,574,6,2023.00),
(5125,20221026,742,29605,1,1365.00),
(5126,20221026,994,174,2,108.00),
(5127,20221026,891,29994,11,11043.00),
(5128,20221026,988,29929,7,3955.00),
(5129,20221026,790,29985,4,9773.00),
(5130,20221026,832,30108,7,2441.00),
(5131,20221027,721,29606,7,10021.00),
(5132,20221027,983,425,7,5386.00),
(5133,20221027,909,30022,8,313.00),
(5134,20221027,985,66,4,2260.00),
(5135,20221027,817,289,7,2102.00),
(5136,20221027,926,696,11,2748.00),
(5137,20221027,924,346,11,2748.00),
(5138,20221027,927,29914,4,999.00),
(5139,20221028,794,30089,4,9773.00),
(5140,20221028,708,564,5,175.00),
(5141,20221028,929,596,2,60.00),
(5142,20221028,760,661,9,7047.00),
(5143,20221028,998,648,5,2700.00),
(5144,20221028,744,114,10,13496.00),
(5145,20221029,878,29489,10,220.00),
(5146,20221029,860,178,8,196.00),
(5147,20221029,899,239,3,1000.00),
(5148,20221029,802,30080,9,1334.00),
(5149,20221029,813,29910,6,722.00),
(5150,20221029,998,677,10,5400.00),
(5151,20221029,937,30044,4,324.00),
(5152,20221030,792,92,10,24434.00),
(5153,20221030,953,678,11,13363.00),
(5154,20221030,857,380,5,450.00),
(5155,20221030,851,29813,4,240.00),
(5156,20221030,773,29864,10,34000.00),
(5157,20221030,911,76,5,136.00),
(5158,20221030,849,30067,5,300.00),
(5159,20221031,773,29653,7,23800.00),
(5160,20221031,778,29874,6,20250.00),
(5161,20221031,806,29835,11,1125.00),
(5162,20221031,890,29593,9,9035.00),
(5163,20221031,816,29684,6,1254.00),
(5164,20221031,784,388,4,9180.00),
(5165,20221031,727,29885,10,3372.00),
(5166,20221031,995,451,3,304.00),
(5167,20221101,805,29956,8,274.00),
(5168,20221101,826,146,3,338.00),
(5169,20221101,899,16,8,2667.00),
(5170,20221101,922,1,7,28.00),
(5171,20221101,793,137,4,9773.00),
(5172,20221101,873,30050,9,21.00),
(5173,20221101,724,29539,6,2023.00),
(5174,20221101,875,29631,7,63.00),
(5175,20221101,815,309,3,182.00),
(5176,20221102,770,34,8,6264.00),
(5177,20221102,804,163,3,688.00),
(5178,20221102,915,29868,9,352.00),
(5179,20221102,900,29771,4,1334.00),
(5180,20221102,748,29737,3,4094.00),
(5181,20221102,852,30034,5,375.00),
(5182,20221102,782,18,10,22950.00),
(5183,20221103,769,629,8,6264.00),
(5184,20221103,909,380,8,313.00),
(5185,20221103,776,196,9,30375.00),
(5186,20221103,724,30090,6,2023.00),
(5187,20221103,750,455,1,3578.00),
(5188,20221103,737,29,11,3709.00),
(5189,20221103,861,29805,9,342.00),
(5190,20221104,837,29983,8,11452.00),
(5191,20221104,944,397,9,2376.00),
(5192,20221105,828,578,8,2856.00),
(5193,20221105,887,257,2,2008.00),
(5194,20221105,955,222,10,23841.00),
(5195,20221105,887,665,5,5020.00),
(5196,20221105,998,436,10,5400.00),
(5197,20221105,874,29872,10,90.00),
(5198,20221105,743,30080,3,4049.00),
(5199,20221105,749,29805,3,10735.00),
(5200,20221105,938,29720,10,405.00),
(5201,20221105,760,131,3,2349.00),
(5202,20221106,885,425,4,4016.00),
(5203,20221106,839,673,10,14315.00),
(5204,20221106,788,42,6,6480.00),
(5205,20221106,866,29983,1,64.00),
(5206,20221106,861,401,6,228.00),
(5207,20221106,794,218,4,9773.00),
(5208,20221106,981,172,2,1539.00),
(5209,20221106,734,506,1,595.00),
(5210,20221106,786,29772,9,9720.00),
(5211,20221106,900,29831,2,667.00),
(5212,20221106,912,208,9,352.00),
(5213,20221107,816,299,5,1045.00),
(5214,20221107,996,29554,2,243.00),
(5215,20221107,743,696,6,8098.00),
(5216,20221107,718,29919,9,12884.00),
(5217,20221107,839,30051,9,12884.00),
(5218,20221107,886,29732,8,2667.00),
(5219,20221107,991,358,9,4860.00),
(5220,20221107,841,95,11,660.00),
(5221,20221107,946,29590,4,184.00),
(5222,20221107,973,42,3,5103.00),
(5223,20221108,853,42,7,525.00),
(5224,20221108,951,29864,2,810);

INSERT INTO dbo.FactSalesOrder
VALUES
(5225,20221108,813,29863,10,1203.00),
(5226,20221108,857,29788,1,90.00),
(5227,20221108,747,383,3,4049.00),
(5228,20221108,948,29703,6,639.00),
(5229,20221109,728,29748,8,2698.00),
(5230,20221109,829,47,10,2450.00),
(5231,20221109,967,361,11,26225.00),
(5232,20221109,795,205,4,9773.00),
(5233,20221109,789,30104,10,24434.00),
(5234,20221109,859,484,4,98.00),
(5235,20221109,990,29568,5,2700.00),
(5236,20221109,922,29692,4,16.00),
(5237,20221109,788,221,1,1080.00),
(5238,20221110,906,29981,7,2549.00),
(5239,20221110,888,29941,9,9035.00),
(5240,20221110,713,30113,3,150.00),
(5241,20221110,813,689,10,1203.00),
(5242,20221110,726,511,8,2698.00),
(5243,20221110,987,526,10,5650.00),
(5244,20221111,757,29680,9,13122.00),
(5245,20221111,841,30000,8,480.00),
(5246,20221111,834,598,6,3569.00),
(5247,20221111,737,433,9,3035.00),
(5248,20221111,915,202,9,352.00),
(5249,20221111,890,29943,10,10039.00),
(5250,20221111,886,29793,7,2334.00),
(5251,20221112,918,299,2,528.00),
(5252,20221112,913,30018,1,53.00),
(5253,20221112,951,29750,5,2025.00),
(5254,20221112,740,29603,8,10916.00),
(5255,20221112,733,29757,7,4164.00),
(5256,20221112,737,29662,10,3372.00),
(5257,20221113,849,532,3,180.00),
(5258,20221113,879,30008,8,1272.00),
(5259,20221114,925,7,10,2498.00),
(5260,20221114,980,29603,6,4617.00),
(5261,20221114,887,29574,5,5020.00),
(5262,20221115,918,582,8,2112.00),
(5263,20221115,996,30118,5,607.00),
(5264,20221115,849,29499,5,300.00),
(5265,20221115,718,147,10,14315.00),
(5266,20221115,946,30048,5,230.00),
(5267,20221115,756,29971,9,13122.00),
(5268,20221115,862,621,3,114.00),
(5269,20221115,975,29568,9,15309.00),
(5270,20221115,842,30116,2,250.00),
(5271,20221116,934,173,1,29.00),
(5272,20221116,798,5,4,4482.00),
(5273,20221116,939,29871,7,435.00),
(5274,20221116,904,620,6,2185.00),
(5275,20221116,993,118,4,2160.00),
(5276,20221116,894,559,6,729.00),
(5277,20221117,774,366,4,13600.00),
(5278,20221117,771,307,1,3400.00),
(5279,20221117,883,209,3,162.00),
(5280,20221117,752,29646,6,21470.00),
(5281,20221117,838,218,9,12884.00),
(5282,20221117,786,29714,5,5400.00),
(5283,20221117,825,29727,5,1636.00),
(5284,20221117,832,683,6,2093.00),
(5285,20221117,862,507,2,76.00),
(5286,20221118,869,420,7,490.00),
(5287,20221118,847,76,7,245.00),
(5288,20221118,735,30112,10,5948.00),
(5289,20221118,770,29874,10,7830.00),
(5290,20221118,945,608,8,732.00),
(5291,20221118,988,29842,10,5650.00),
(5292,20221118,712,29533,11,99.00),
(5293,20221118,726,29971,4,1349.00),
(5294,20221119,905,29643,4,1456.00),
(5295,20221119,793,671,7,17103.00),
(5296,20221119,768,29857,3,2349.00),
(5297,20221120,879,29885,6,954.00),
(5298,20221120,759,300,1,783.00),
(5299,20221120,934,30052,7,203.00),
(5300,20221120,732,29695,2,1190.00),
(5301,20221120,897,29895,3,1000.00),
(5302,20221120,901,29920,4,1334.00),
(5303,20221120,837,29998,10,14315.00),
(5304,20221121,998,23,9,4860.00),
(5305,20221121,982,59,8,6156.00),
(5306,20221121,843,480,2,50.00),
(5307,20221121,875,370,4,36.00),
(5308,20221121,903,563,9,3001.00),
(5309,20221121,722,30093,8,2698.00),
(5310,20221121,885,29598,7,7027.00),
(5311,20221122,739,29980,4,5458.00),
(5312,20221122,862,29924,8,304.00),
(5313,20221122,799,29997,10,11205.00),
(5314,20221122,743,73,2,2699.00),
(5315,20221122,720,227,2,2863.00),
(5316,20221122,765,244,10,7830.00),
(5317,20221122,926,29924,9,2248.00),
(5318,20221122,911,659,3,81.00),
(5319,20221122,745,29505,6,8098.00),
(5320,20221122,929,259,2,60.00),
(5321,20221123,891,120,4,4016.00),
(5322,20221123,806,498,4,409.00),
(5323,20221123,914,568,3,81.00),
(5324,20221123,962,30061,1,742.00),
(5325,20221123,902,29559,7,2334.00),
(5326,20221123,929,29583,10,300.00),
(5327,20221123,886,46,1,333.00),
(5328,20221124,862,30104,10,380.00),
(5329,20221124,934,565,3,87.00),
(5330,20221124,874,246,10,90.00),
(5331,20221124,934,472,4,116.00),
(5332,20221125,926,94,2,500.00),
(5333,20221125,756,29816,9,13122.00),
(5334,20221125,933,29728,5,163.00),
(5335,20221125,752,533,9,32204.00),
(5336,20221125,983,29794,3,2308.00),
(5337,20221125,846,543,5,70.00),
(5338,20221126,998,192,8,4320.00),
(5339,20221126,730,61,8,2698.00),
(5340,20221126,775,29871,4,13500.00),
(5341,20221126,997,29925,2,1080.00),
(5342,20221126,842,29788,7,875.00),
(5343,20221126,848,154,5,225.00),
(5344,20221127,767,29934,3,2349.00),
(5345,20221127,976,30,4,6804.00),
(5346,20221127,769,29876,5,3915.00),
(5347,20221127,785,29911,10,10800.00),
(5348,20221128,960,29503,3,2227.00),
(5349,20221128,994,29560,5,270.00),
(5350,20221128,852,29524,10,750.00),
(5351,20221128,738,29502,7,2361.00),
(5352,20221128,827,358,4,1102.00),
(5353,20221128,758,149,4,5832.00),
(5354,20221129,788,76,9,9720.00),
(5355,20221129,768,164,8,6264.00),
(5356,20221129,775,220,10,33750.00),
(5357,20221129,723,101,5,1686.00),
(5358,20221130,772,645,5,17000.00),
(5359,20221130,722,29775,6,2023.00),
(5360,20221130,846,48,3,42.00),
(5361,20221130,802,29584,9,1334.00),
(5362,20221130,899,29901,5,1667.00),
(5363,20221130,767,650,9,7047.00),
(5364,20221130,746,273,5,6748.00),
(5365,20221130,844,256,7,140.00),
(5366,20221130,764,19,2,1566.00),
(5367,20221130,944,22,2,528.00),
(5368,20221201,925,30112,4,999.00),
(5369,20221201,728,29914,10,3372.00),
(5370,20221201,980,29521,8,6156.00),
(5371,20221201,860,29569,5,122.00),
(5372,20221201,738,29584,10,3372.00),
(5373,20221201,956,29988,10,23841.00),
(5374,20221201,995,330,9,911.00),
(5375,20221201,827,173,10,2754.00),
(5376,20221201,968,258,6,14304.00),
(5377,20221201,788,556,5,5400.00),
(5378,20221202,866,29900,4,254.00),
(5379,20221202,895,102,2,667.00),
(5380,20221202,851,29928,1,60.00),
(5381,20221202,840,383,4,5726.00),
(5382,20221202,967,29832,7,16688.00),
(5383,20221202,976,29799,4,6804.00),
(5384,20221202,993,29854,1,540.00),
(5385,20221202,830,239,8,2790.00),
(5386,20221203,808,29631,10,445.00),
(5387,20221203,825,497,10,3272.00),
(5388,20221203,862,29577,9,342.00),
(5389,20221203,873,421,7,16.00),
(5390,20221204,792,685,2,4887.00),
(5391,20221204,935,29727,3,121.00),
(5392,20221204,744,659,1,1350.00),
(5393,20221204,860,582,4,98.00),
(5394,20221204,902,29792,5,1667.00),
(5395,20221204,972,309,3,3645.00),
(5396,20221204,839,352,4,5726.00),
(5397,20221204,925,205,2,500.00),
(5398,20221204,733,29638,2,1190.00),
(5399,20221205,795,29946,10,24434.00),
(5400,20221206,934,29956,3,87.00),
(5401,20221206,867,29740,3,210.00),
(5402,20221206,900,504,5,1667.00),
(5403,20221206,791,310,5,12217.00),
(5404,20221206,811,30106,1,45.00),
(5405,20221206,752,310,3,10735.00),
(5406,20221206,966,29806,7,16688.00),
(5407,20221207,818,550,10,856.00),
(5408,20221207,908,29783,5,136.00),
(5409,20221207,848,363,7,315.00),
(5410,20221207,751,397,10,35783.00),
(5411,20221207,998,10,7,3780.00),
(5412,20221207,973,6,11,18711.00),
(5413,20221207,748,30028,2,2729.00),
(5414,20221208,680,650,1,1432.00),
(5415,20221209,957,29944,2,4768.00),
(5416,20221209,878,30047,4,88.00),
(5417,20221209,856,29763,2,180.00),
(5418,20221209,824,147,1,236.00),
(5419,20221209,838,29660,3,4295.00),
(5420,20221210,879,529,10,1590.00),
(5421,20221210,971,30030,8,9719.00),
(5422,20221210,767,130,8,6264.00),
(5423,20221210,927,79,2,500.00),
(5424,20221210,796,293,8,19547.00),
(5425,20221210,716,533,3,150.00),
(5426,20221211,959,30093,9,6681.00),
(5427,20221211,989,29622,10,5400.00),
(5428,20221212,962,29907,4,2969.00),
(5429,20221212,979,10,8,5939.00),
(5430,20221212,800,30080,7,7843.00),
(5431,20221212,996,29711,9,1093.00),
(5432,20221212,862,52,2,76.00),
(5433,20221213,901,29906,3,1000.00),
(5434,20221213,975,397,6,10206.00),
(5435,20221213,976,29528,7,11907.00),
(5436,20221213,971,223,10,12149.00),
(5437,20221213,858,110,10,245.00),
(5438,20221213,827,29987,2,551.00),
(5439,20221213,961,29935,7,5196.00),
(5440,20221214,920,196,4,1056.00),
(5441,20221214,853,307,11,825.00),
(5442,20221215,847,30025,9,315.00),
(5443,20221215,840,1,2,2863.00),
(5444,20221215,904,100,2,728.00),
(5445,20221215,837,502,1,1432.00),
(5446,20221216,909,493,7,274.00),
(5447,20221216,902,30016,7,2334.00),
(5448,20221216,740,257,10,13645.00),
(5449,20221216,751,258,1,3578.00),
(5450,20221216,893,29925,10,10039.00),
(5451,20221217,971,29573,9,10934.00),
(5452,20221217,844,30058,11,220.00),
(5453,20221217,711,30118,8,280.00),
(5454,20221217,730,29769,2,674.00),
(5455,20221217,945,259,2,183.00),
(5456,20221217,944,334,3,792.00),
(5457,20221218,730,29926,7,2361.00),
(5458,20221218,978,433,11,8166.00),
(5459,20221218,707,532,3,105.00),
(5460,20221218,724,316,10,3372.00),
(5461,20221218,825,131,2,654.00),
(5462,20221218,721,30093,1,1432.00),
(5463,20221218,781,293,6,13920.00),
(5464,20221218,721,246,2,2863.00),
(5465,20221219,937,29568,4,324.00),
(5466,20221219,756,83,9,13122.00),
(5467,20221219,789,399,8,19547.00),
(5468,20221219,845,30113,11,275.00),
(5469,20221219,837,345,2,2863.00),
(5470,20221219,953,581,1,1215.00),
(5471,20221219,779,29877,9,20880.00),
(5472,20221219,806,354,4,409.00),
(5473,20221219,994,202,3,162.00),
(5474,20221219,978,29865,9,6681.00),
(5475,20221220,882,30018,3,162.00),
(5476,20221220,846,29494,3,42.00),
(5477,20221221,931,132,8,172.00),
(5478,20221221,944,29553,2,528.00),
(5479,20221221,990,367,3,1620.00),
(5480,20221221,775,29705,3,10125.00),
(5481,20221222,857,599,4,360.00),
(5482,20221222,788,412,10,10800.00),
(5483,20221222,786,29771,8,8640.00),
(5484,20221222,806,29733,4,409.00),
(5485,20221222,904,364,4,1456.00),
(5486,20221222,916,273,3,158.00),
(5487,20221222,813,29775,9,1082.00),
(5488,20221223,827,29900,2,551.00),
(5489,20221223,964,492,10,7424.00),
(5490,20221223,978,29964,11,8166.00),
(5491,20221223,751,29903,2,7157.00),
(5492,20221223,974,29895,11,18711.00),
(5493,20221223,977,263,2,1080.00),
(5494,20221223,782,79,5,11475.00),
(5495,20221224,789,191,6,14660.00),
(5496,20221224,992,587,11,5940.00),
(5497,20221225,846,146,10,140.00),
(5498,20221225,999,29850,3,1620.00),
(5499,20221225,917,345,1,264.00),
(5500,20221225,944,30098,5,1320.00),
(5501,20221226,935,262,1,40.00),
(5502,20221226,860,25,3,73.00),
(5503,20221226,853,29631,3,225.00),
(5504,20221226,716,30063,1,50.00),
(5505,20221226,872,29698,7,63.00),
(5506,20221226,822,223,3,1784.00),
(5507,20221226,884,29686,3,162.00),
(5508,20221227,835,542,4,2379.00),
(5509,20221227,773,29936,8,27200.00),
(5510,20221227,945,577,9,823.00),
(5511,20221227,723,29973,7,2361.00),
(5512,20221228,708,347,6,210.00),
(5513,20221228,959,29870,5,3712.00),
(5514,20221228,973,29792,10,17010.00),
(5515,20221228,872,29611,6,54.00),
(5516,20221228,976,29573,9,15309.00),
(5517,20221228,717,29641,7,10021.00),
(5518,20221228,738,542,9,3035.00),
(5519,20221228,795,30070,4,9773.00),
(5520,20221228,918,534,4,1056.00),
(5521,20221229,779,435,1,2320.00),
(5522,20221229,892,400,8,8031.00),
(5523,20221229,933,29692,10,326.00),
(5524,20221229,806,128,10,1023.00),
(5525,20221230,723,559,7,2361.00),
(5526,20221230,957,238,10,23841.00),
(5527,20221230,956,29527,9,21457.00),
(5528,20221230,925,650,6,1499.00),
(5529,20221230,979,109,3,2227.00),
(5530,20221230,917,533,4,1056.00),
(5531,20221230,733,29892,6,3569.00),
(5532,20221230,858,64,6,147.00),
(5533,20221231,860,29758,9,220.00),
(5534,20221231,792,29774,2,4887.00),
(5535,20221231,769,552,3,2349.00),
(5536,20221231,867,29932,8,560.00),
(5537,20221231,715,30067,3,150.00),
(5538,20221231,901,395,5,1667.00),
(5539,20221231,985,29852,3,1695.00),
(5540,20221231,746,29557,8,10797.00),
(5541,20221231,821,30051,4,872.00),
(5542,20221231,840,443,11,15747.00),
(5543,20230101,798,364,7,7843.00),
(5544,20230101,832,330,7,2441.00);
GO
