IF EXISTS (
    SELECT * FROM sys.sysobjects
    WHERE name = 'FactSalesOrder')
DROP TABLE dbo.FactSalesOrder;
GO

CREATE TABLE dbo.FactSalesOrder
(
 SalesOrderKey INT NOT NULL,
 SalesOrderDateKey INT NOT NULL,
 ProductKey INT NOT NULL,
 CustomerKey INT NOT NULL,
 Quantity INT NULL,
 SalesTotal DECIMAL NULL
 );
 GO

INSERT INTO dbo.FactSalesOrder
VALUES
(1234,20210102,853,596,6,450.00),
(1235,20210102,772,29938,6,20400.00),
(1236,20210102,907,29,4,426.00),
(1237,20210102,831,281,10,3488.00),
(1238,20210102,710,349,9,86.00),
(1239,20210102,857,498,5,450.00),
(1240,20210102,707,497,4,140.00),
(1241,20210102,724,29616,11,3709.00),
(1242,20210102,813,415,8,962.00),
(1243,20210102,716,46,3,150.00),
(1244,20210103,940,29515,4,324.00),
(1245,20210103,826,29585,9,1013.00),
(1246,20210103,890,696,7,7027.00),
(1247,20210103,812,165,2,124.00),
(1248,20210103,879,471,9,1431.00),
(1249,20210103,983,349,2,1539.00),
(1250,20210103,718,29952,4,5726.00),
(1251,20210103,905,29832,6,2185.00),
(1252,20210103,816,367,5,1045.00),
(1253,20210103,773,29698,5,17000.00),
(1254,20210103,810,498,7,842.00),
(1255,20210104,870,610,4,20.00),
(1256,20210104,836,66,5,2974.00),
(1257,20210104,923,607,2,10.00),
(1258,20210105,711,29489,10,350.00),
(1259,20210105,954,29605,7,16688.00),
(1260,20210106,780,625,10,23200.00),
(1261,20210106,809,604,8,495.00),
(1262,20210106,999,29617,8,4320.00),
(1263,20210106,823,29930,4,351.00),
(1264,20210106,757,155,7,10206.00),
(1265,20210107,934,118,6,174.00),
(1266,20210107,963,56,7,5196.00),
(1267,20210107,815,30107,10,607.00),
(1268,20210107,797,29523,3,3361.00),
(1269,20210107,731,29813,3,1784.00),
(1270,20210108,814,532,6,2093.00),
(1271,20210108,869,29708,2,140.00),
(1272,20210108,953,673,6,7289.00),
(1273,20210108,860,119,11,269.00),
(1274,20210108,871,568,1,10.00),
(1275,20210108,739,29584,3,4094.00),
(1276,20210108,954,220,3,7152.00),
(1277,20210108,770,426,11,8613.00),
(1278,20210108,722,597,8,2698.00),
(1279,20210109,799,353,3,3361.00),
(1280,20210109,834,674,11,6543.00),
(1281,20210109,853,29889,8,600.00),
(1282,20210110,824,416,7,1652.00),
(1283,20210110,942,29969,9,3277.00),
(1284,20210110,835,366,2,1190.00),
(1285,20210110,989,29855,9,4860.00),
(1286,20210110,758,488,5,7290.00),
(1287,20210110,973,696,10,17010.00),
(1288,20210111,929,653,10,300.00),
(1289,20210111,783,693,9,20655.00),
(1290,20210111,869,304,7,490.00),
(1291,20210111,988,29992,4,2260.00),
(1292,20210111,998,120,5,2700.00),
(1293,20210111,823,497,5,439.00),
(1294,20210111,859,307,10,245.00),
(1295,20210112,787,29532,2,2160.00),
(1296,20210112,774,29494,2,6800.00),
(1297,20210112,767,635,8,6264.00),
(1298,20210112,718,29904,7,10021.00),
(1299,20210112,858,30040,10,245.00),
(1300,20210112,835,442,9,5353.00),
(1301,20210113,928,77,5,125.00),
(1302,20210113,994,541,9,486.00),
(1303,20210113,811,29645,6,267.00),
(1304,20210113,969,254,7,16688.00),
(1305,20210113,820,29606,4,1320.00),
(1306,20210113,726,29997,6,2023.00),
(1307,20210113,784,498,6,13770.00),
(1308,20210113,968,29987,4,9536.00),
(1309,20210114,866,29527,7,445.00),
(1310,20210115,835,30024,6,3569.00),
(1311,20210115,974,29601,9,15309.00),
(1312,20210116,745,574,3,4049.00),
(1313,20210116,877,317,6,48.00),
(1314,20210117,864,29743,9,572.00),
(1315,20210117,716,29748,3,150.00),
(1316,20210117,904,29695,5,1820.00),
(1317,20210117,715,29635,1,50.00),
(1318,20210117,871,30005,10,100.00),
(1319,20210118,843,29911,8,200.00),
(1320,20210118,896,29738,7,2334.00),
(1321,20210118,812,29713,5,310.00),
(1322,20210118,727,529,2,674.00),
(1323,20210118,769,29741,8,6264.00),
(1324,20210118,754,29623,3,4374.00),
(1325,20210118,884,29598,6,324.00),
(1326,20210118,741,579,8,10916.00),
(1327,20210118,711,29915,6,210.00),
(1328,20210118,719,653,6,8589.00),
(1329,20210119,877,29571,4,32.00),
(1330,20210119,708,630,8,280.00),
(1331,20210120,855,420,5,450.00),
(1332,20210120,868,244,3,210.00),
(1333,20210121,807,29639,3,374.00),
(1334,20210121,821,394,11,2398.00),
(1335,20210121,771,29853,10,34000.00),
(1336,20210121,981,64,7,5386.00),
(1337,20210121,777,272,6,20250.00),
(1338,20210121,714,692,2,100.00),
(1339,20210121,739,29834,9,12281.00),
(1340,20210121,745,29796,3,4049.00),
(1341,20210121,837,29631,9,12884.00),
(1342,20210121,979,30039,7,5196.00),
(1343,20210122,954,111,5,11920.00),
(1344,20210122,902,196,9,3001.00),
(1345,20210122,820,29805,9,2971.00),
(1346,20210122,845,30095,8,200.00),
(1347,20210122,938,29584,1,40.00),
(1348,20210123,720,221,9,12884.00),
(1349,20210123,725,29612,5,1686.00),
(1350,20210123,725,479,9,3035.00),
(1351,20210124,807,643,2,249.00),
(1352,20210124,955,57,4,9536.00),
(1353,20210125,818,29775,9,770.00),
(1354,20210125,714,547,4,200.00),
(1355,20210125,918,542,2,528.00),
(1356,20210125,909,82,8,313.00),
(1357,20210125,993,568,6,3240.00),
(1358,20210125,804,29623,4,918.00),
(1359,20210126,877,560,10,80.00),
(1360,20210126,878,218,4,88.00),
(1361,20210126,737,364,9,3035.00),
(1362,20210126,906,294,3,1092.00),
(1363,20210126,762,145,4,3132.00),
(1364,20210126,822,29890,9,5353.00),
(1365,20210126,730,180,10,3372.00),
(1366,20210126,947,307,5,458.00),
(1367,20210126,797,408,2,2241.00),
(1368,20210126,780,419,6,13920.00),
(1369,20210127,769,129,9,7047.00),
(1370,20210127,720,30064,11,15747.00),
(1371,20210127,977,29915,5,2700.00),
(1372,20210127,817,29506,3,901.00),
(1373,20210127,871,29959,5,50.00),
(1374,20210127,906,29879,7,2549.00),
(1375,20210127,963,509,4,2969.00),
(1376,20210128,927,29612,9,2248.00),
(1377,20210128,722,490,6,2023.00),
(1378,20210128,720,29494,6,8589.00),
(1379,20210128,991,415,8,4320.00),
(1380,20210128,763,29696,8,6264.00),
(1381,20210128,861,460,10,380.00),
(1382,20210128,939,29980,10,621.00),
(1383,20210129,754,30108,10,14580.00),
(1384,20210129,998,29522,8,4320.00),
(1385,20210129,862,30074,6,228.00),
(1386,20210129,881,30027,4,216.00),
(1387,20210130,806,257,8,818.00),
(1388,20210130,727,29508,6,2023.00),
(1389,20210130,889,310,4,4016.00),
(1390,20210130,870,29688,7,35.00),
(1391,20210130,931,600,4,86.00),
(1392,20210131,819,437,11,2732.00),
(1393,20210131,888,29914,9,9035.00),
(1394,20210131,878,29590,5,110.00),
(1395,20210131,856,327,4,360.00),
(1396,20210131,875,395,7,63.00),
(1397,20210131,969,29623,10,23841.00),
(1398,20210131,960,25,2,1485.00),
(1399,20210131,902,353,8,2667.00),
(1400,20210131,863,174,3,114.00),
(1401,20210131,897,268,8,2667.00),
(1402,20210131,853,403,3,225.00),
(1403,20210201,743,29727,1,1350.00),
(1404,20210202,734,347,4,2379.00),
(1405,20210202,977,362,8,4320.00),
(1406,20210202,726,29892,4,1349.00),
(1407,20210202,856,29734,5,450.00),
(1408,20210202,887,149,6,6023.00),
(1409,20210202,827,253,3,826.00),
(1410,20210202,781,29568,4,9280.00),
(1411,20210202,894,29713,4,486.00),
(1412,20210203,966,490,10,23841.00),
(1413,20210203,857,29783,5,450.00),
(1414,20210203,765,29873,4,3132.00),
(1415,20210203,985,401,2,1130.00),
(1416,20210203,923,669,7,35.00),
(1417,20210203,928,127,6,150.00),
(1418,20210203,871,592,8,80.00),
(1419,20210203,769,29766,6,4698.00),
(1420,20210204,866,250,7,445.00),
(1421,20210204,825,30110,4,1309.00),
(1422,20210204,861,523,8,304.00),
(1423,20210204,711,29796,1,35.00),
(1424,20210204,943,29857,9,2248.00),
(1425,20210204,797,653,2,2241.00),
(1426,20210205,820,30029,1,330.00),
(1427,20210205,743,29637,7,9447.00),
(1428,20210205,763,30030,6,4698.00),
(1429,20210206,922,352,9,36.00),
(1430,20210206,998,29506,6,3240.00),
(1431,20210206,823,588,7,614.00),
(1432,20210206,993,29900,11,5940.00),
(1433,20210206,879,30090,5,795.00),
(1434,20210206,904,552,10,3641.00),
(1435,20210207,714,25,6,300.00),
(1436,20210207,721,29663,7,10021.00),
(1437,20210207,780,29703,5,11600.00),
(1438,20210207,824,30037,5,1180.00),
(1439,20210207,796,29773,2,4887.00),
(1440,20210207,906,95,9,3277.00),
(1441,20210208,740,29508,10,13645.00),
(1442,20210208,767,490,6,4698.00),
(1443,20210208,781,29900,7,16240.00),
(1444,20210208,840,30053,1,1432.00),
(1445,20210208,709,29857,6,57.00),
(1446,20210208,932,595,5,125.00),
(1447,20210208,970,385,3,3645.00),
(1448,20210208,796,29889,5,12217.00),
(1449,20210208,925,644,3,749.00),
(1450,20210208,709,142,7,67.00),
(1451,20210209,802,196,3,445.00),
(1452,20210209,985,20,5,2825.00),
(1453,20210209,937,29789,8,648.00),
(1454,20210209,740,29728,4,5458.00),
(1455,20210210,957,29939,2,4768.00),
(1456,20210210,911,29632,6,163.00),
(1457,20210210,974,581,1,1701.00),
(1458,20210210,950,29881,3,769.00),
(1459,20210210,851,59,9,540.00),
(1460,20210210,869,29698,7,490.00),
(1461,20210211,912,29992,8,313.00),
(1462,20210211,837,29573,3,4295.00),
(1463,20210211,728,29815,5,1686.00),
(1464,20210211,807,29646,4,499.00),
(1465,20210211,778,546,8,27000.00),
(1466,20210211,807,30048,10,1247.00),
(1467,20210211,807,29847,8,998.00),
(1468,20210211,735,478,1,595.00),
(1469,20210211,905,29776,4,1456.00),
(1470,20210212,780,29991,5,11600.00),
(1471,20210212,906,29903,6,2185.00),
(1472,20210212,926,579,3,749.00),
(1473,20210213,744,407,6,8098.00),
(1474,20210213,984,635,7,3955.00),
(1475,20210213,746,300,5,6748.00),
(1476,20210213,938,673,4,162.00),
(1477,20210213,920,30107,1,264.00),
(1478,20210213,746,29900,1,1350.00),
(1479,20210213,816,29872,3,627.00),
(1480,20210213,849,561,3,180.00),
(1481,20210214,803,29588,9,1579.00),
(1482,20210214,936,30108,8,497.00),
(1483,20210214,740,142,5,6823.00),
(1484,20210214,793,29496,3,7330.00),
(1485,20210214,899,29524,8,2667.00),
(1486,20210214,846,55,10,140.00),
(1487,20210215,976,29,3,5103.00),
(1488,20210215,880,625,10,550.00),
(1489,20210215,937,29576,4,324.00),
(1490,20210215,828,29920,2,714.00),
(1491,20210215,742,674,5,6823.00),
(1492,20210215,921,29720,7,35.00),
(1493,20210215,932,29792,6,150.00),
(1494,20210215,774,345,6,20400.00),
(1495,20210215,935,311,4,162.00),
(1496,20210215,771,147,8,27200.00),
(1497,20210216,953,507,6,7289.00),
(1498,20210216,897,383,7,2334.00),
(1499,20210216,709,561,11,105.00),
(1500,20210217,761,30106,9,7047.00),
(1501,20210217,868,29954,4,280.00),
(1502,20210217,768,29897,10,7830.00),
(1503,20210218,956,174,4,9536.00),
(1504,20210218,854,29910,10,750.00),
(1505,20210218,849,202,1,60.00),
(1506,20210218,790,478,2,4887.00),
(1507,20210218,812,29741,5,310.00),
(1508,20210219,833,59,8,4759.00),
(1509,20210219,851,418,5,300.00),
(1510,20210219,896,106,9,3001.00),
(1511,20210219,918,30104,8,2112.00),
(1512,20210219,680,29937,9,12884.00),
(1513,20210219,756,29806,10,14580.00),
(1514,20210219,967,29775,3,7152.00),
(1515,20210219,940,29843,10,810.00),
(1516,20210219,763,29946,6,4698.00),
(1517,20210219,826,29655,3,338.00),
(1518,20210220,725,30070,7,2361.00),
(1519,20210220,808,120,6,267.00),
(1520,20210220,835,24,9,5353.00),
(1521,20210220,897,236,5,1667.00),
(1522,20210220,804,29800,2,459.00),
(1523,20210220,940,29854,9,729.00),
(1524,20210221,885,29848,4,4016.00),
(1525,20210221,955,29622,5,11920.00),
(1526,20210221,863,30005,4,152.00),
(1527,20210221,903,29915,2,667.00),
(1528,20210221,780,439,10,23200.00),
(1529,20210221,888,235,5,5020.00),
(1530,20210221,819,29733,2,497.00),
(1531,20210221,951,29643,2,810.00),
(1532,20210221,819,29891,1,248.00),
(1533,20210221,860,29822,3,73.00),
(1534,20210222,947,200,7,641.00),
(1535,20210222,972,552,8,9719.00),
(1536,20210222,843,131,5,125.00),
(1537,20210222,800,76,4,4482.00),
(1538,20210222,870,637,4,20.00),
(1539,20210222,753,263,8,28626.00),
(1540,20210222,809,43,4,248.00),
(1541,20210222,928,29859,8,200.00),
(1542,20210222,975,673,5,8505.00),
(1543,20210223,934,291,10,290.00),
(1544,20210223,750,29702,10,35783.00),
(1545,20210223,772,16,7,23800.00),
(1546,20210223,943,30070,8,1998.00),
(1547,20210223,878,631,1,22.00),
(1548,20210223,991,327,5,2700.00),
(1549,20210224,886,132,7,2334.00),
(1550,20210224,812,29861,1,62.00),
(1551,20210224,833,29622,7,4164.00),
(1552,20210224,852,29904,11,825.00),
(1553,20210224,770,394,6,4698.00),
(1554,20210224,751,29605,11,39361.00),
(1555,20210224,983,455,10,7695.00),
(1556,20210224,951,59,1,405.00),
(1557,20210224,911,29705,9,244.00),
(1558,20210224,843,214,8,200.00),
(1559,20210225,987,275,4,2260.00),
(1560,20210225,826,29644,8,901.00),
(1561,20210225,772,29508,9,30600.00),
(1562,20210225,970,412,5,6074.00),
(1563,20210225,816,29663,9,1881.00),
(1564,20210225,757,12,8,11664.00),
(1565,20210226,734,608,6,3569.00),
(1566,20210226,974,201,7,11907.00),
(1567,20210226,801,30111,7,7843.00),
(1568,20210226,884,29776,9,486.00),
(1569,20210226,780,150,9,20880.00),
(1570,20210226,998,434,4,2160.00),
(1571,20210226,780,29583,8,18560.00),
(1572,20210226,829,238,2,490.00),
(1573,20210226,904,114,10,3641.00),
(1574,20210226,728,29582,6,2023.00),
(1575,20210226,990,19,11,5940.00),
(1576,20210227,807,29774,8,998.00),
(1577,20210227,942,29666,11,4005.00),
(1578,20210227,885,389,4,4016.00),
(1579,20210227,825,29868,8,2618.00),
(1580,20210227,926,655,9,2248.00),
(1581,20210227,762,29980,2,1566.00),
(1582,20210228,988,168,5,2825.00),
(1583,20210228,765,82,9,7047.00),
(1584,20210228,899,29818,10,3334.00),
(1585,20210301,916,507,6,316.00),
(1586,20210301,711,291,3,105.00),
(1587,20210301,901,6,10,3334.00),
(1588,20210301,721,488,2,2863.00),
(1589,20210301,927,29974,8,1998.00),
(1590,20210301,979,29632,8,5939.00),
(1591,20210301,820,29596,9,2971.00),
(1592,20210301,985,232,10,5650.00),
(1593,20210301,865,29953,8,508.00),
(1594,20210301,788,473,10,10800.00),
(1595,20210302,971,653,4,4859.00),
(1596,20210302,800,29637,2,2241.00),
(1597,20210302,788,7,6,6480.00),
(1598,20210302,948,358,8,852.00),
(1599,20210303,759,20,10,7830.00),
(1600,20210303,981,129,9,6925.00),
(1601,20210303,792,29783,7,17103.00),
(1602,20210303,856,115,9,810.00),
(1603,20210303,740,484,8,10916.00),
(1604,20210303,815,29879,6,364.00),
(1605,20210303,882,61,7,378.00),
(1606,20210304,804,353,9,2065.00),
(1607,20210304,754,29583,3,4374.00),
(1608,20210304,709,29913,5,48.00),
(1609,20210304,910,29522,6,316.00),
(1610,20210304,729,29492,4,1349.00),
(1611,20210304,806,29987,1,102.00),
(1612,20210304,869,168,2,140.00),
(1613,20210304,711,30111,5,175.00),
(1614,20210305,878,29506,11,242.00),
(1615,20210305,760,132,11,8613.00),
(1616,20210305,859,29741,2,49.00),
(1617,20210305,783,434,10,22950.00),
(1618,20210305,880,286,5,275.00),
(1619,20210306,867,29983,5,350.00),
(1620,20210306,966,403,2,4768.00),
(1621,20210306,743,670,2,2699.00),
(1622,20210307,984,29914,1,565.00),
(1623,20210307,955,547,1,2384.00),
(1624,20210307,929,29720,5,150.00),
(1625,20210307,746,29792,4,5398.00),
(1626,20210307,993,29815,1,540.00),
(1627,20210307,717,437,8,11452.00),
(1628,20210307,748,479,5,6823.00),
(1629,20210307,764,29713,2,1566.00),
(1630,20210307,740,504,11,15010.00),
(1631,20210308,892,505,6,6023.00),
(1632,20210308,983,564,6,4617.00),
(1633,20210308,951,228,11,4455.00),
(1634,20210308,828,29703,6,2142.00),
(1635,20210308,793,328,5,12217.00),
(1636,20210308,906,29532,8,2913.00),
(1637,20210308,879,201,9,1431.00),
(1638,20210309,749,29955,5,17891.00),
(1639,20210309,747,65,9,12146.00),
(1640,20210309,783,20,3,6885.00),
(1641,20210309,991,29824,2,1080.00),
(1642,20210310,987,30039,2,1130.00),
(1643,20210310,821,650,7,1526.00),
(1644,20210310,923,29935,8,40.00),
(1645,20210310,749,29957,7,25048.00),
(1646,20210310,998,561,3,1620.00),
(1647,20210310,982,679,3,2308.00),
(1648,20210310,913,29794,3,158.00),
(1649,20210310,781,644,5,11600.00),
(1650,20210310,849,245,10,600.00),
(1651,20210311,777,29766,2,6750.00),
(1652,20210311,911,29747,8,217.00),
(1653,20210311,897,643,7,2334.00),
(1654,20210311,762,172,6,4698.00),
(1655,20210311,888,306,11,11043.00),
(1656,20210311,837,94,2,2863.00),
(1657,20210311,966,29716,9,21457.00),
(1658,20210311,864,471,6,381.00),
(1659,20210312,711,29997,3,105.00),
(1660,20210312,772,299,9,30600.00),
(1661,20210312,859,29761,9,220.00),
(1662,20210312,853,29523,8,600.00),
(1663,20210312,731,92,6,3569.00),
(1664,20210313,907,30095,10,1065.00),
(1665,20210313,844,29584,2,40.00),
(1666,20210313,913,598,5,263.00),
(1667,20210313,860,29696,6,147.00),
(1668,20210313,968,102,3,7152.00),
(1669,20210313,813,670,3,361.00),
(1670,20210313,904,263,8,2913.00),
(1671,20210313,873,365,1,2.00),
(1672,20210313,974,490,1,1701.00),
(1673,20210314,996,30110,4,486.00),
(1674,20210315,735,693,10,5948.00),
(1675,20210315,855,29902,10,900.00),
(1676,20210315,952,29975,5,101.00),
(1677,20210316,793,29873,9,21990.00),
(1678,20210316,776,37,10,33750.00),
(1679,20210316,815,156,7,425.00),
(1680,20210316,756,474,7,10206.00),
(1681,20210317,952,29901,7,142.00),
(1682,20210317,767,29787,2,1566.00),
(1683,20210317,914,29703,2,54.00),
(1684,20210317,823,578,6,526.00),
(1685,20210317,732,660,11,6543.00),
(1686,20210317,757,29730,7,10206.00),
(1687,20210318,978,79,9,6681.00),
(1688,20210318,714,30034,5,250.00),
(1689,20210318,742,29558,3,4094.00),
(1690,20210319,968,692,2,4768.00),
(1691,20210320,878,30067,8,176.00),
(1692,20210320,844,73,3,60.00),
(1693,20210320,985,310,3,1695.00),
(1694,20210320,742,128,9,12281.00),
(1695,20210321,797,29766,10,11205.00),
(1696,20210321,969,29928,7,16688.00),
(1697,20210321,857,29952,10,900.00),
(1698,20210321,840,29771,4,5726.00),
(1699,20210321,906,418,6,2185.00),
(1700,20210321,995,29603,9,911.00),
(1701,20210321,976,12,6,10206.00),
(1702,20210321,827,509,10,2754.00),
(1703,20210321,751,29596,8,28626.00),
(1704,20210322,862,29497,10,380.00),
(1705,20210322,992,569,2,1080.00),
(1706,20210322,741,7,8,10916.00),
(1707,20210322,972,241,1,1215.00),
(1708,20210322,999,29508,3,1620.00),
(1709,20210322,680,29959,10,14315.00),
(1710,20210322,817,30045,9,2702.00),
(1711,20210322,837,180,10,14315.00),
(1712,20210322,907,94,5,533.00),
(1713,20210322,908,29865,7,190.00),
(1714,20210323,883,650,2,108.00),
(1715,20210323,780,400,5,11600.00),
(1716,20210323,743,75,9,12146.00),
(1717,20210324,838,184,4,5726.00),
(1718,20210324,937,56,5,405.00),
(1719,20210324,785,29763,2,2160.00),
(1720,20210324,828,29826,3,1071.00),
(1721,20210324,914,30116,8,217.00),
(1722,20210324,955,235,5,11920.00),
(1723,20210324,896,30018,6,2001.00),
(1724,20210324,967,29831,9,21457.00),
(1725,20210324,813,29698,3,361.00),
(1726,20210325,774,29929,6,20400.00),
(1727,20210325,793,308,4,9773.00),
(1728,20210325,923,30034,4,20.00),
(1729,20210325,824,689,5,1180.00),
(1730,20210326,743,306,9,12146.00),
(1731,20210326,844,10,3,60.00),
(1732,20210326,940,113,2,162.00),
(1733,20210326,865,12,6,381.00),
(1734,20210326,966,533,4,9536.00),
(1735,20210326,810,29884,3,361.00),
(1736,20210326,944,30072,10,2641.00),
(1737,20210326,886,579,7,2334.00),
(1738,20210326,960,29646,7,5196.00),
(1739,20210326,717,1,7,10021.00),
(1740,20210327,719,560,1,1432.00),
(1741,20210327,944,29668,4,1056.00),
(1742,20210327,899,30063,5,1667.00),
(1743,20210327,868,630,3,210.00),
(1744,20210327,849,29870,9,540.00),
(1745,20210327,910,30051,6,316.00),
(1746,20210327,746,29765,8,10797.00),
(1747,20210327,927,330,5,1249.00),
(1748,20210328,747,29874,10,13496.00),
(1749,20210328,735,256,6,3569.00),
(1750,20210329,836,30076,5,2974.00),
(1751,20210329,856,2,3,270.00),
(1752,20210329,901,421,2,667.00),
(1753,20210329,728,164,2,674.00),
(1754,20210329,775,6,4,13500.00),
(1755,20210329,801,29864,5,5602.00),
(1756,20210329,759,244,8,6264.00),
(1757,20210330,992,30003,10,5400.00),
(1758,20210331,974,433,3,5103.00),
(1759,20210331,926,30071,7,1749.00),
(1760,20210331,726,29705,2,674.00),
(1761,20210401,896,29632,6,2001.00),
(1762,20210401,789,29677,8,19547.00),
(1763,20210401,944,110,5,1320.00),
(1764,20210401,933,29859,10,326.00),
(1765,20210401,775,110,8,27000.00),
(1766,20210401,769,655,1,783.00),
(1767,20210401,775,29739,8,27000.00),
(1768,20210401,825,580,9,2945.00),
(1769,20210401,884,313,5,270.00),
(1770,20210401,942,696,3,1092.00),
(1771,20210402,936,78,10,621.00),
(1772,20210402,929,29781,9,270.00),
(1773,20210402,812,130,2,124.00),
(1774,20210402,893,29743,11,11043.00),
(1775,20210402,799,291,6,6723.00),
(1776,20210402,808,18,3,134.00),
(1777,20210402,735,29784,9,5353.00),
(1778,20210403,743,484,6,8098.00),
(1779,20210403,884,29527,6,324.00),
(1780,20210403,835,173,6,3569.00),
(1781,20210404,968,379,8,19073.00),
(1782,20210404,797,29536,1,1120.00),
(1783,20210404,882,29574,7,378.00),
(1784,20210404,750,617,8,28626.00),
(1785,20210404,819,29582,8,1987.00),
(1786,20210404,965,29720,7,5196.00),
(1787,20210404,820,30100,8,2640.00),
(1788,20210404,753,29854,11,39361.00),
(1789,20210405,715,112,9,450.00),
(1790,20210405,845,220,11,275.00),
(1791,20210405,899,199,8,2667.00),
(1792,20210405,873,96,5,11.00),
(1793,20210405,771,29915,8,27200.00),
(1794,20210406,901,226,9,3001.00),
(1795,20210406,968,29964,2,4768.00),
(1796,20210406,823,29787,2,175.00),
(1797,20210406,902,698,3,1000.00),
(1798,20210406,718,100,1,1432.00),
(1799,20210406,844,1,3,60.00),
(1800,20210406,836,28,6,3569.00),
(1801,20210406,763,425,8,6264.00),
(1802,20210406,926,322,7,1749.00),
(1803,20210407,850,30064,7,420.00),
(1804,20210407,923,29645,5,25.00),
(1805,20210407,915,29585,11,431.00),
(1806,20210407,933,30034,3,98.00),
(1807,20210408,871,693,6,60.00),
(1808,20210408,879,83,9,1431.00),
(1809,20210408,817,365,10,3002.00),
(1810,20210408,906,29593,9,3277.00),
(1811,20210408,746,671,8,10797.00),
(1812,20210408,895,240,8,2667.00),
(1813,20210408,896,30023,5,1667.00),
(1814,20210408,765,183,11,8613.00),
(1815,20210408,856,29732,11,990.00),
(1816,20210408,927,214,3,749.00),
(1817,20210409,795,30109,5,12217.00),
(1818,20210409,885,258,5,5020.00),
(1819,20210410,891,29577,10,10039.00),
(1820,20210410,891,29928,9,9035.00),
(1821,20210410,768,608,5,3915.00),
(1822,20210410,962,394,2,1485.00),
(1823,20210411,925,402,6,1499.00),
(1824,20210411,729,624,7,2361.00),
(1825,20210411,782,29835,4,9180.00),
(1826,20210411,791,29515,10,24434.00),
(1827,20210411,882,308,6,324.00),
(1828,20210411,754,29778,9,13122.00),
(1829,20210411,956,29772,6,14304.00),
(1830,20210411,785,29905,8,8640.00),
(1831,20210412,856,30095,8,720.00),
(1832,20210412,794,287,3,7330.00),
(1833,20210412,765,184,4,3132.00),
(1834,20210413,939,448,1,62.00),
(1835,20210413,832,30113,3,1046.00),
(1836,20210414,916,29605,10,526.00),
(1837,20210414,743,29553,10,13496.00),
(1838,20210414,727,29794,2,674.00),
(1839,20210415,857,115,2,180.00),
(1840,20210415,710,29645,5,48.00),
(1841,20210415,882,29853,2,108.00),
(1842,20210415,798,29891,3,3361.00),
(1843,20210415,913,273,7,368.00),
(1844,20210415,919,523,4,1056.00),
(1845,20210415,872,120,7,63.00),
(1846,20210415,738,323,4,1349.00),
(1847,20210416,908,29623,3,81.00),
(1848,20210416,845,29623,4,100.00),
(1849,20210416,737,29736,5,1686.00),
(1850,20210416,962,29797,3,2227.00),
(1851,20210416,925,295,9,2248.00),
(1852,20210416,752,377,10,35783.00),
(1853,20210416,832,196,3,1046.00),
(1854,20210416,965,29936,3,2227.00),
(1855,20210416,755,29793,2,2916.00),
(1856,20210417,886,442,4,1334.00),
(1857,20210417,954,29608,4,9536.00),
(1858,20210417,871,29692,5,50.00),
(1859,20210417,985,30089,6,3390.00),
(1860,20210417,804,235,8,1836.00),
(1861,20210417,968,200,11,26225.00),
(1862,20210418,993,29611,10,5400.00),
(1863,20210418,724,186,2,674.00),
(1864,20210418,850,395,7,420.00),
(1865,20210418,820,29843,10,3301.00),
(1866,20210418,854,29794,4,300.00),
(1867,20210418,877,416,6,48.00),
(1868,20210419,725,29978,6,2023.00),
(1869,20210419,770,241,7,5481.00),
(1870,20210419,863,510,1,38.00),
(1871,20210419,945,235,7,640.00),
(1872,20210419,738,635,4,1349.00),
(1873,20210419,976,561,11,18711.00),
(1874,20210419,713,29994,5,250.00),
(1875,20210419,926,29764,6,1499.00),
(1876,20210419,972,30098,1,1215.00),
(1877,20210419,866,336,6,381.00),
(1878,20210419,924,480,5,1249.00),
(1879,20210420,965,244,5,3712.00),
(1880,20210420,706,29539,10,14315.00),
(1881,20210421,768,74,7,5481.00),
(1882,20210421,710,29857,4,38.00),
(1883,20210421,909,29830,4,157.00),
(1884,20210421,757,29998,7,10206.00),
(1885,20210421,721,336,3,4295.00),
(1886,20210421,959,124,8,5939.00),
(1887,20210421,740,155,9,12281.00),
(1888,20210421,728,29997,5,1686.00),
(1889,20210422,963,256,11,8166.00),
(1890,20210422,998,360,10,5400.00),
(1891,20210422,808,226,7,312.00),
(1892,20210422,965,29879,4,2969.00),
(1893,20210422,800,29671,10,11205.00),
(1894,20210422,876,30076,2,240.00),
(1895,20210423,938,30027,3,121.00),
(1896,20210423,773,621,3,10200.00),
(1897,20210423,964,59,4,2969.00),
(1898,20210423,720,29789,7,10021.00),
(1899,20210423,765,29911,10,7830.00),
(1900,20210423,957,29871,3,7152.00),
(1901,20210423,881,29750,8,432.00),
(1902,20210424,859,29733,4,98.00),
(1903,20210424,710,29503,11,105.00),
(1904,20210425,946,130,3,138.00),
(1905,20210425,951,29737,1,405.00),
(1906,20210426,920,461,9,2376.00),
(1907,20210426,915,442,5,196.00),
(1908,20210426,950,30044,6,1539.00),
(1909,20210426,851,5,10,600.00),
(1910,20210426,732,29618,9,5353.00),
(1911,20210426,816,641,5,1045.00),
(1912,20210426,861,417,6,228.00),
(1913,20210426,766,29523,1,783.00),
(1914,20210427,820,29660,7,2310.00),
(1915,20210427,755,580,2,2916.00),
(1916,20210427,710,294,6,57.00),
(1917,20210427,938,29997,2,81.00),
(1918,20210427,994,586,10,540.00),
(1919,20210427,870,30064,7,35.00),
(1920,20210427,925,29682,4,999.00),
(1921,20210427,922,29541,9,36.00),
(1922,20210427,911,644,3,81.00),
(1923,20210428,961,22,2,1485.00),
(1924,20210428,990,30093,8,4320.00),
(1925,20210429,966,47,8,19073.00),
(1926,20210429,706,29998,9,12884.00),
(1927,20210429,955,29728,5,11920.00),
(1928,20210429,861,30116,9,342.00),
(1929,20210429,820,472,1,330.00),
(1930,20210429,872,73,3,27.00),
(1931,20210429,894,29585,8,972.00),
(1932,20210429,888,37,9,9035.00),
(1933,20210429,947,29517,3,275.00),
(1934,20210430,749,30061,8,28626.00),
(1935,20210430,795,253,9,21990.00),
(1936,20210430,822,323,4,2379.00),
(1937,20210430,997,29924,3,1620.00),
(1938,20210430,976,29903,7,11907.00),
(1939,20210430,777,29636,11,37125.00),
(1940,20210430,956,29511,3,7152.00),
(1941,20210430,978,5,9,6681.00),
(1942,20210430,836,420,3,1784.00),
(1943,20210430,955,29889,2,4768.00),
(1944,20210501,798,29955,9,10084.00),
(1945,20210501,787,138,2,2160.00),
(1946,20210501,980,30110,10,7695.00),
(1947,20210501,864,474,4,254.00),
(1948,20210501,888,29815,9,9035.00),
(1949,20210501,803,30053,3,526.00),
(1950,20210501,867,29819,7,490.00),
(1951,20210502,989,30093,6,3240.00),
(1952,20210502,847,388,6,210.00),
(1953,20210502,802,30029,8,1186.00),
(1954,20210502,812,29680,10,619.00),
(1955,20210502,766,29574,5,3915.00),
(1956,20210503,813,182,7,842.00),
(1957,20210503,894,29584,5,607.00),
(1958,20210504,771,236,4,13600.00),
(1959,20210504,969,390,8,19073.00),
(1960,20210504,882,630,10,540.00),
(1961,20210504,766,592,3,2349.00),
(1962,20210504,829,30033,4,980.00),
(1963,20210505,800,689,11,12325.00),
(1964,20210505,882,468,7,378.00),
(1965,20210505,902,29816,2,667.00),
(1966,20210505,838,6,9,12884.00),
(1967,20210505,816,94,10,2090.00),
(1968,20210505,725,678,6,2023.00),
(1969,20210505,904,237,5,1820.00),
(1970,20210505,792,648,6,14660.00),
(1971,20210505,743,496,6,8098.00),
(1972,20210505,979,29627,7,5196.00),
(1973,20210505,911,29548,6,163.00),
(1974,20210506,964,29865,7,5196.00),
(1975,20210506,773,29588,8,27200.00),
(1976,20210506,781,30042,5,11600.00),
(1977,20210506,787,29904,7,7560.00),
(1978,20210506,710,29503,2,19.00),
(1979,20210506,731,223,8,4759.00),
(1980,20210506,849,29503,10,600.00),
(1981,20210506,769,29544,11,8613.00),
(1982,20210506,778,29879,8,27000.00),
(1983,20210507,994,348,4,216.00),
(1984,20210507,912,222,1,39.00),
(1985,20210507,805,29655,6,205.00),
(1986,20210508,750,29897,6,21470.00),
(1987,20210508,957,22,10,23841.00),
(1988,20210508,966,443,10,23841.00),
(1989,20210508,943,29952,10,2498.00),
(1990,20210508,936,29794,10,621.00),
(1991,20210508,847,29827,2,70.00),
(1992,20210508,985,151,4,2260.00),
(1993,20210508,976,29773,11,18711.00),
(1994,20210508,899,698,7,2334.00),
(1995,20210509,945,669,3,274.00),
(1996,20210509,860,29690,10,245.00),
(1997,20210509,760,623,2,1566.00),
(1998,20210509,916,29805,9,474.00),
(1999,20210509,935,542,8,324.00),
(2000,20210509,818,127,4,342.00),
(2001,20210510,999,480,4,2160.00),
(2002,20210510,713,347,2,100.00),
(2003,20210510,906,239,11,4005.00),
(2004,20210510,771,453,3,10200.00),
(2005,20210510,753,29627,1,3578.00),
(2006,20210510,714,577,5,250.00),
(2007,20210510,731,29649,2,1190.00),
(2008,20210510,902,29577,6,2001.00),
(2009,20210510,912,29554,2,78.00),
(2010,20210510,920,29863,8,2112.00),
(2011,20210511,946,30111,8,369.00),
(2012,20210511,767,30115,2,1566.00),
(2013,20210512,985,29772,5,2825.00),
(2014,20210512,801,29797,9,10084.00),
(2015,20210512,766,520,7,5481.00),
(2016,20210512,879,29588,2,318.00),
(2017,20210512,763,29911,1,783.00),
(2018,20210512,932,457,6,150.00),
(2019,20210513,976,29918,3,5103.00),
(2020,20210513,821,604,3,654.00),
(2021,20210513,850,29957,10,600.00),
(2022,20210513,832,29755,10,3488.00),
(2023,20210513,824,29901,6,1416.00),
(2024,20210513,878,48,9,198.00),
(2025,20210513,794,456,5,12217.00),
(2026,20210513,894,502,9,1093.00),
(2027,20210513,852,29920,8,600.00),
(2028,20210514,994,29971,7,378.00),
(2029,20210514,976,606,1,1701.00),
(2030,20210514,887,281,5,5020.00),
(2031,20210515,995,592,8,810.00),
(2032,20210515,794,276,11,26877.00),
(2033,20210516,920,30083,8,2112.00),
(2034,20210516,680,43,8,11452.00),
(2035,20210516,950,673,6,1539.00),
(2036,20210516,870,425,8,40.00),
(2037,20210516,741,29990,8,10916.00),
(2038,20210516,713,30090,9,450.00),
(2039,20210516,908,547,3,81.00),
(2040,20210516,750,29992,5,17891.00),
(2041,20210516,895,29799,10,3334.00),
(2042,20210516,850,29843,5,300.00),
(2043,20210517,752,424,7,25048.00),
(2044,20210517,900,545,1,333.00),
(2045,20210517,826,622,8,901.00),
(2046,20210517,983,30037,8,6156.00),
(2047,20210517,941,646,8,648.00),
(2048,20210517,950,516,8,2052.00),
(2049,20210517,938,454,9,364.00),
(2050,20210517,836,29939,2,1190.00),
(2051,20210518,794,29574,4,9773.00),
(2052,20210518,805,57,10,342.00),
(2053,20210518,741,30116,4,5458.00),
(2054,20210518,759,29635,4,3132.00),
(2055,20210519,916,462,7,368.00),
(2056,20210519,924,331,9,2248.00),
(2057,20210519,773,29696,4,13600.00),
(2058,20210519,969,630,8,19073.00),
(2059,20210519,999,661,2,1080.00),
(2060,20210519,850,29574,2,120.00),
(2061,20210519,781,668,5,11600.00),
(2062,20210519,857,41,5,450.00),
(2063,20210519,711,473,8,280.00),
(2064,20210520,836,29985,11,6543.00),
(2065,20210520,863,29948,10,380.00),
(2066,20210520,945,29558,8,732.00),
(2067,20210520,938,29818,2,81.00),
(2068,20210520,944,30090,9,2376.00),
(2069,20210520,766,29884,6,4698.00),
(2070,20210521,881,82,5,270.00),
(2071,20210521,736,232,5,1686.00),
(2072,20210521,845,596,9,225.00),
(2073,20210521,857,29653,5,450.00),
(2074,20210521,715,346,7,350.00),
(2075,20210521,970,29548,7,8504.00),
(2076,20210521,927,29946,5,1249.00),
(2077,20210521,877,29705,9,72.00),
(2078,20210521,807,29747,10,1247.00),
(2079,20210521,750,29874,8,28626.00),
(2080,20210522,755,366,7,10206.00),
(2081,20210522,803,30056,4,702.00),
(2082,20210522,891,30027,10,10039.00),
(2083,20210522,974,29554,7,11907.00),
(2084,20210522,896,29635,10,3334.00),
(2085,20210522,994,29792,8,432.00),
(2086,20210522,869,29494,6,420.00),
(2087,20210522,738,29985,9,3035.00),
(2088,20210522,838,29832,2,2863.00),
(2089,20210522,898,30021,7,2334.00),
(2090,20210523,773,238,10,34000.00),
(2091,20210523,976,115,8,13608.00),
(2092,20210523,722,490,8,2698.00),
(2093,20210523,866,30058,9,572.00),
(2094,20210523,957,29649,5,11920.00),
(2095,20210523,875,29525,5,45.00),
(2096,20210524,879,30071,11,1749.00),
(2097,20210524,721,29571,2,2863.00),
(2098,20210524,908,692,10,271.00),
(2099,20210524,730,29650,10,3372.00),
(2100,20210525,837,29879,5,7158.00),
(2101,20210525,919,235,11,2905.00),
(2102,20210525,857,29991,8,720.00),
(2103,20210525,998,29525,5,2700.00),
(2104,20210525,853,30022,9,675.00),
(2105,20210525,804,3,9,2065.00),
(2106,20210525,762,166,10,7830.00),
(2107,20210525,790,435,9,21990.00),
(2108,20210526,802,29662,2,296.00),
(2109,20210526,815,390,3,182.00),
(2110,20210526,967,698,11,26225.00),
(2111,20210526,804,142,9,2065.00),
(2112,20210526,841,29492,6,360.00),
(2113,20210527,941,29924,10,810.00),
(2114,20210527,756,92,6,8748.00),
(2115,20210527,897,29668,5,1667.00),
(2116,20210527,932,235,5,125.00),
(2117,20210527,961,29877,10,7424.00),
(2118,20210527,773,29596,7,23800.00),
(2119,20210527,802,30052,4,593.00),
(2120,20210527,742,101,2,2729.00),
(2121,20210528,971,623,8,9719.00),
(2122,20210528,847,30093,1,35.00),
(2123,20210528,722,29907,3,1012.00),
(2124,20210528,863,560,8,304.00),
(2125,20210528,707,147,8,280.00),
(2126,20210528,877,30117,4,32.00),
(2127,20210528,718,275,10,14315.00),
(2128,20210529,884,596,3,162.00),
(2129,20210529,946,601,2,92.00),
(2130,20210529,743,654,6,8098.00),
(2131,20210530,845,30031,5,125.00),
(2132,20210530,985,30045,5,2825.00),
(2133,20210530,772,348,3,10200.00),
(2134,20210530,782,55,7,16065.00),
(2135,20210530,721,454,2,2863.00),
(2136,20210531,873,58,9,21.00),
(2137,20210531,950,29533,6,1539.00),
(2138,20210531,806,343,7,716.00),
(2139,20210531,839,29755,6,8589.00),
(2140,20210601,875,30036,11,99.00),
(2141,20210601,762,29614,6,4698.00),
(2142,20210601,875,29796,9,81.00),
(2143,20210601,789,173,10,24434.00),
(2144,20210601,902,30118,5,1667.00),
(2145,20210601,854,29929,3,225.00),
(2146,20210601,833,29770,5,2974.00),
(2147,20210602,725,30022,7,2361.00),
(2148,20210602,916,29631,1,53.00),
(2149,20210603,756,29922,7,10206.00),
(2150,20210603,719,620,10,14315.00),
(2151,20210603,791,468,3,7330.00),
(2152,20210603,735,574,7,4164.00),
(2153,20210603,734,227,3,1784.00),
(2154,20210603,715,674,2,100.00),
(2155,20210603,821,497,5,1090.00),
(2156,20210603,980,29720,2,1539.00),
(2157,20210603,992,29739,5,2700.00),
(2158,20210603,829,29680,8,1960.00),
(2159,20210603,951,29535,10,4050.00),
(2160,20210604,998,29769,10,5400.00),
(2161,20210604,815,29980,5,304.00),
(2162,20210604,863,29698,2,76.00),
(2163,20210604,883,30118,3,162.00),
(2164,20210604,993,384,10,5400.00),
(2165,20210604,787,282,10,10800.00),
(2166,20210604,765,29528,6,4698.00),
(2167,20210604,918,29535,7,1848.00),
(2168,20210605,808,543,10,445.00),
(2169,20210605,979,299,8,5939.00),
(2170,20210605,735,318,8,4759.00),
(2171,20210606,918,511,8,2112.00),
(2172,20210606,932,523,4,100.00),
(2173,20210607,892,29732,9,9035.00),
(2174,20210607,784,29895,6,13770.00),
(2175,20210607,920,580,10,2641.00),
(2176,20210607,791,504,2,4887.00),
(2177,20210608,729,257,5,1686.00),
(2178,20210609,946,204,9,415.00),
(2179,20210609,891,29988,9,9035.00),
(2180,20210609,905,363,8,2913.00),
(2181,20210609,948,214,10,1065.00),
(2182,20210610,857,29632,6,540.00),
(2183,20210611,718,295,11,15747.00),
(2184,20210611,837,74,2,2863.00),
(2185,20210612,859,29946,11,269.00),
(2186,20210612,850,650,3,180.00),
(2187,20210612,904,29797,7,2549.00),
(2188,20210612,929,586,2,60.00),
(2189,20210612,726,661,10,3372.00),
(2190,20210612,854,559,8,600.00),
(2191,20210612,786,202,6,6480.00),
(2192,20210612,977,30110,9,4860.00),
(2193,20210612,972,203,4,4859.00),
(2194,20210612,764,29530,3,2349.00),
(2195,20210612,949,29903,8,1404.00),
(2196,20210613,790,101,1,2443.00),
(2197,20210613,850,289,1,60.00),
(2198,20210613,776,29531,3,10125.00),
(2199,20210613,743,29496,1,1350.00),
(2200,20210614,810,479,1,120.00),
(2201,20210614,929,565,10,300.00),
(2202,20210614,863,29603,4,152.00),
(2203,20210614,716,510,9,450.00),
(2204,20210614,724,29991,7,2361.00),
(2205,20210614,785,29843,10,10800.00),
(2206,20210614,877,29565,11,87.00),
(2207,20210614,826,29671,2,225.00),
(2208,20210614,881,29573,2,108.00),
(2209,20210614,815,669,7,425.00),
(2210,20210614,929,203,3,90.00),
(2211,20210615,895,29865,7,2334.00),
(2212,20210615,989,364,4,2160.00),
(2213,20210615,959,30083,1,742.00),
(2214,20210615,777,311,6,20250.00),
(2215,20210615,853,226,8,600.00),
(2216,20210615,858,641,8,196.00),
(2217,20210615,717,581,3,4295.00),
(2218,20210615,711,468,8,280.00),
(2219,20210616,826,395,8,901.00),
(2220,20210616,742,168,4,5458.00),
(2221,20210616,966,29708,7,16688.00),
(2222,20210616,912,29708,5,196.00),
(2223,20210616,948,75,3,320.00),
(2224,20210616,888,114,3,3012.00),
(2225,20210616,910,29739,9,474.00),
(2226,20210616,825,77,9,2945.00),
(2227,20210616,877,29919,8,64.00),
(2228,20210617,901,434,10,3334.00),
(2229,20210617,919,79,7,1848.00),
(2230,20210617,772,129,7,23800.00),
(2231,20210617,962,29660,5,3712.00),
(2232,20210617,870,29535,10,50.00),
(2233,20210617,731,347,1,595.00);

INSERT INTO dbo.FactSalesOrder
VALUES
(2234,20210618,882,30109,10,540.00),
(2235,20210618,795,29866,5,12217.00),
(2236,20210619,816,29959,5,1045.00),
(2237,20210619,745,30070,8,10797.00),
(2238,20210619,767,29629,11,8613.00),
(2239,20210619,822,29662,6,3569.00),
(2240,20210620,811,556,1,45.00),
(2241,20210620,820,295,2,660.00),
(2242,20210620,959,579,7,5196.00),
(2243,20210620,931,401,9,193.00),
(2244,20210620,895,145,7,2334.00),
(2245,20210620,754,29910,2,2916.00),
(2246,20210620,842,29834,10,1250.00),
(2247,20210620,845,29574,9,225.00),
(2248,20210620,816,376,3,627.00),
(2249,20210620,978,29536,6,4454.00),
(2250,20210621,815,385,8,486.00),
(2251,20210621,811,281,6,267.00),
(2252,20210621,856,366,10,900.00),
(2253,20210621,978,473,5,3712.00),
(2254,20210621,923,379,3,15.00),
(2255,20210621,976,148,6,10206.00),
(2256,20210622,999,29877,11,5940.00),
(2257,20210622,846,29755,10,140.00),
(2258,20210622,916,295,10,526.00),
(2259,20210622,776,433,5,16875.00),
(2260,20210622,964,505,4,2969.00),
(2261,20210622,815,475,4,243.00),
(2262,20210622,932,653,10,250.00),
(2263,20210622,871,670,4,40.00),
(2264,20210623,929,29988,3,90.00),
(2265,20210623,729,29554,2,674.00),
(2266,20210623,842,29615,11,1375.00),
(2267,20210623,901,606,2,667.00),
(2268,20210623,947,29612,10,916.00),
(2269,20210623,866,622,4,254.00),
(2270,20210623,809,29515,9,557.00),
(2271,20210623,834,29803,1,595.00),
(2272,20210624,903,647,5,1667.00),
(2273,20210624,954,551,4,9536.00),
(2274,20210624,750,30083,2,7157.00),
(2275,20210624,871,30052,5,50.00),
(2276,20210625,711,454,5,175.00),
(2277,20210625,791,30111,5,12217.00),
(2278,20210625,803,29646,3,526.00),
(2279,20210625,788,347,8,8640.00),
(2280,20210625,900,468,11,3668.00),
(2281,20210625,837,21,10,14315.00),
(2282,20210625,781,29789,6,13920.00),
(2283,20210625,726,29818,8,2698.00),
(2284,20210626,905,322,5,1820.00),
(2285,20210626,953,30110,4,4859.00),
(2286,20210626,798,29632,7,7843.00),
(2287,20210626,726,246,8,2698.00),
(2288,20210626,935,448,9,364.00),
(2289,20210626,960,364,2,1485.00),
(2290,20210626,924,29713,3,749.00),
(2291,20210626,910,255,10,526.00),
(2292,20210627,883,439,7,378.00),
(2293,20210627,707,29898,3,105.00),
(2294,20210627,916,30095,11,579.00),
(2295,20210627,938,29579,6,243.00),
(2296,20210627,938,19,9,364.00),
(2297,20210627,972,29682,6,7289.00),
(2298,20210627,965,29998,4,2969.00),
(2299,20210628,997,397,7,3780.00),
(2300,20210628,935,473,8,324.00),
(2301,20210628,830,508,5,1744.00),
(2302,20210628,894,381,10,1215.00),
(2303,20210628,752,541,10,35783.00),
(2304,20210628,909,689,6,235.00),
(2305,20210628,791,146,3,7330.00),
(2306,20210628,970,30004,2,2430.00),
(2307,20210628,867,29655,10,700.00),
(2308,20210628,959,29659,6,4454.00),
(2309,20210629,968,40,5,11920.00),
(2310,20210629,853,401,8,600.00),
(2311,20210629,926,564,6,1499.00),
(2312,20210629,814,29781,2,698.00),
(2313,20210629,751,29900,1,3578.00),
(2314,20210629,788,29571,2,2160.00),
(2315,20210629,904,30050,5,1820.00),
(2316,20210629,918,187,5,1320.00),
(2317,20210629,928,629,8,200.00),
(2318,20210630,951,641,3,1215.00),
(2319,20210630,882,574,3,162.00),
(2320,20210630,758,29892,6,8748.00),
(2321,20210630,897,29980,3,1000.00),
(2322,20210630,738,29810,3,1012.00),
(2323,20210630,786,653,2,2160.00),
(2324,20210630,983,546,3,2308.00),
(2325,20210630,727,438,8,2698.00),
(2326,20210630,975,685,2,3402.00),
(2327,20210630,888,29898,3,3012.00),
(2328,20210630,931,298,7,150.00),
(2329,20210701,868,187,4,280.00),
(2330,20210701,980,42,1,769.00),
(2331,20210701,752,29858,8,28626.00),
(2332,20210701,774,29822,6,20400.00),
(2333,20210701,712,281,8,72.00),
(2334,20210701,803,226,8,1404.00),
(2335,20210701,973,42,3,5103.00),
(2336,20210701,821,622,8,1744.00),
(2337,20210701,778,29654,2,6750.00),
(2338,20210702,910,196,6,316.00),
(2339,20210703,729,91,7,2361.00),
(2340,20210703,883,490,5,270.00),
(2341,20210703,965,254,7,5196.00),
(2342,20210704,715,30112,9,450.00),
(2343,20210704,777,29871,4,13500.00),
(2344,20210704,783,462,7,16065.00),
(2345,20210704,867,29861,3,210.00),
(2346,20210704,793,281,8,19547.00),
(2347,20210704,875,29780,1,9.00),
(2348,20210704,812,240,1,62.00),
(2349,20210704,892,129,7,7027.00),
(2350,20210705,717,29761,7,10021.00),
(2351,20210705,772,30045,4,13600.00),
(2352,20210705,819,698,4,994.00),
(2353,20210705,861,598,4,152.00),
(2354,20210705,756,29689,3,4374.00),
(2355,20210706,928,29877,2,50.00),
(2356,20210707,869,169,1,70.00),
(2357,20210708,920,316,11,2905.00),
(2358,20210709,821,29921,5,1090.00),
(2359,20210709,826,300,8,901.00),
(2360,20210710,853,528,7,525.00),
(2361,20210710,982,167,2,1539.00),
(2362,20210711,788,362,9,9720.00),
(2363,20210711,902,168,2,667.00),
(2364,20210711,936,29719,2,124.00),
(2365,20210711,817,29562,11,3302.00),
(2366,20210711,805,426,4,137.00),
(2367,20210711,825,376,2,654.00),
(2368,20210712,928,273,3,75.00),
(2369,20210712,939,22,5,310.00),
(2370,20210712,849,29783,6,360.00),
(2371,20210712,862,29732,10,380.00),
(2372,20210712,974,408,2,3402.00),
(2373,20210712,813,64,1,120.00),
(2374,20210712,729,696,8,2698.00),
(2375,20210712,869,29771,2,140.00),
(2376,20210713,804,29490,7,1606.00),
(2377,20210713,839,130,5,7158.00),
(2378,20210713,926,30045,3,749.00),
(2379,20210713,856,29601,1,90.00),
(2380,20210713,882,595,8,432.00),
(2381,20210713,910,29928,8,421.00),
(2382,20210713,930,30076,10,350.00),
(2383,20210713,936,29780,2,124.00),
(2384,20210713,953,434,3,3645.00),
(2385,20210713,999,48,7,3780.00),
(2386,20210713,932,528,7,175.00),
(2387,20210714,707,29744,2,70.00),
(2388,20210714,707,497,5,175.00),
(2389,20210714,781,29728,4,9280.00),
(2390,20210714,805,30118,8,274.00),
(2391,20210714,915,110,4,157.00),
(2392,20210714,876,527,3,360.00),
(2393,20210714,750,29654,1,3578.00),
(2394,20210715,897,163,3,1000.00),
(2395,20210715,791,30051,8,19547.00),
(2396,20210715,760,316,10,7830.00),
(2397,20210715,997,692,9,4860.00),
(2398,20210715,706,154,9,12884.00),
(2399,20210715,769,29600,10,7830.00),
(2400,20210716,757,455,5,7290.00),
(2401,20210716,792,30070,8,19547.00),
(2402,20210716,821,597,8,1744.00),
(2403,20210716,904,659,6,2185.00),
(2404,20210716,805,564,2,68.00),
(2405,20210716,748,468,5,6823.00),
(2406,20210717,924,29788,4,999.00),
(2407,20210717,792,592,4,9773.00),
(2408,20210718,715,2,6,300.00),
(2409,20210718,822,60,8,4759.00),
(2410,20210718,793,487,7,17103.00),
(2411,20210718,987,29605,3,1695.00),
(2412,20210718,706,29800,3,4295.00),
(2413,20210718,883,29926,7,378.00),
(2414,20210718,877,30090,5,40.00),
(2415,20210718,853,198,9,675.00),
(2416,20210718,895,582,5,1667.00),
(2417,20210718,955,160,3,7152.00),
(2418,20210719,974,160,2,3402.00),
(2419,20210719,817,29978,4,1201.00),
(2420,20210719,927,650,4,999.00),
(2421,20210719,870,452,4,20.00),
(2422,20210719,854,221,5,375.00),
(2423,20210720,771,165,8,27200.00),
(2424,20210720,822,508,6,3569.00),
(2425,20210720,721,643,8,11452.00),
(2426,20210720,917,275,4,1056.00),
(2427,20210720,945,599,7,640.00),
(2428,20210720,811,30050,2,89.00),
(2429,20210720,876,541,9,1080.00),
(2430,20210721,781,569,6,13920.00),
(2431,20210721,847,30110,8,280.00),
(2432,20210721,922,697,1,4.00),
(2433,20210721,974,29574,7,11907.00),
(2434,20210721,899,352,10,3334.00),
(2435,20210721,862,29639,1,38.00),
(2436,20210721,720,30115,10,14315.00),
(2437,20210721,914,629,11,298.00),
(2438,20210721,810,78,9,1082.00),
(2439,20210722,938,674,2,81.00),
(2440,20210722,938,30109,7,283.00),
(2441,20210723,818,29639,5,428.00),
(2442,20210723,739,394,4,5458.00),
(2443,20210723,880,417,2,110.00),
(2444,20210723,915,670,11,431.00),
(2445,20210723,794,29554,4,9773.00),
(2446,20210723,861,20,9,342.00),
(2447,20210723,799,30100,10,11205.00),
(2448,20210724,812,471,2,124.00),
(2449,20210724,765,25,4,3132.00),
(2450,20210724,764,30111,11,8613.00),
(2451,20210725,862,29644,6,228.00),
(2452,20210725,769,30109,2,1566.00),
(2453,20210725,719,209,7,10021.00),
(2454,20210725,882,293,4,216.00),
(2455,20210725,842,326,7,875.00),
(2456,20210725,755,300,10,14580.00),
(2457,20210725,832,665,3,1046.00),
(2458,20210725,800,240,11,12325.00),
(2459,20210726,738,29559,7,2361.00),
(2460,20210726,830,40,8,2790.00),
(2461,20210726,930,29587,6,210.00),
(2462,20210727,881,29915,8,432.00),
(2463,20210727,853,30039,10,750.00),
(2464,20210727,986,29531,8,4520.00),
(2465,20210728,722,29877,10,3372.00),
(2466,20210728,934,568,11,319.00),
(2467,20210729,866,673,5,318.00),
(2468,20210729,854,701,4,300.00),
(2469,20210729,921,131,7,35.00),
(2470,20210729,819,29636,2,497.00),
(2471,20210729,834,493,3,1784.00),
(2472,20210729,860,673,3,73.00),
(2473,20210730,714,29655,4,200.00),
(2474,20210730,745,493,10,13496.00),
(2475,20210731,937,112,5,405.00),
(2476,20210731,937,543,7,567.00),
(2477,20210731,810,221,11,1323.00),
(2478,20210801,839,29702,4,5726.00),
(2479,20210801,753,29890,2,7157.00),
(2480,20210801,840,203,9,12884.00),
(2481,20210801,802,163,10,1482.00),
(2482,20210801,746,29952,11,14846.00),
(2483,20210801,777,29885,2,6750.00),
(2484,20210801,973,12,10,17010.00),
(2485,20210801,913,550,1,53.00),
(2486,20210801,899,29650,2,667.00),
(2487,20210801,993,56,7,3780.00),
(2488,20210801,729,29716,10,3372.00),
(2489,20210802,952,240,9,182.00),
(2490,20210802,911,22,7,190.00),
(2491,20210803,934,29813,4,116.00),
(2492,20210803,887,29627,1,1004.00),
(2493,20210803,836,29742,10,5948.00),
(2494,20210804,706,30046,5,7158.00),
(2495,20210804,712,29805,2,18.00),
(2496,20210804,812,653,4,248.00),
(2497,20210804,986,39,5,2825.00),
(2498,20210804,833,29705,2,1190.00),
(2499,20210804,827,191,10,2754.00),
(2500,20210804,778,637,3,10125.00),
(2501,20210804,917,443,1,264.00),
(2502,20210804,844,30056,6,120.00),
(2503,20210804,741,340,2,2729.00),
(2504,20210804,787,29946,11,11880.00),
(2505,20210805,906,29914,8,2913.00),
(2506,20210805,940,544,2,162.00),
(2507,20210805,772,214,10,34000.00),
(2508,20210805,757,668,10,14580.00),
(2509,20210805,748,29517,9,12281.00),
(2510,20210805,921,120,7,35.00),
(2511,20210805,728,197,4,1349.00),
(2512,20210805,789,208,7,17103.00),
(2513,20210805,874,29902,10,90.00),
(2514,20210806,807,29901,4,499.00),
(2515,20210806,959,30019,4,2969.00),
(2516,20210806,782,29686,9,20655.00),
(2517,20210806,812,29872,10,619.00),
(2518,20210806,833,29492,6,3569.00),
(2519,20210806,919,295,8,2112.00),
(2520,20210806,897,29949,1,333.00),
(2521,20210806,948,291,5,533.00),
(2522,20210807,783,94,4,9180.00),
(2523,20210807,930,46,5,175.00),
(2524,20210807,865,372,2,127.00),
(2525,20210807,976,29782,2,3402.00),
(2526,20210807,855,644,8,720.00),
(2527,20210807,815,29922,2,121.00),
(2528,20210807,994,29891,3,162.00),
(2529,20210808,745,448,7,9447.00),
(2530,20210808,728,621,6,2023.00),
(2531,20210808,760,29879,7,5481.00),
(2532,20210809,752,30053,10,35783.00),
(2533,20210809,884,385,1,54.00),
(2534,20210809,952,29816,10,202.00),
(2535,20210809,894,583,2,243.00),
(2536,20210809,783,92,9,20655.00),
(2537,20210810,990,29975,1,540.00),
(2538,20210810,972,361,9,10934.00),
(2539,20210810,992,29620,9,4860.00),
(2540,20210810,935,444,3,121.00),
(2541,20210810,834,29903,10,5948.00),
(2542,20210810,761,142,4,3132.00),
(2543,20210811,803,493,6,1053.00),
(2544,20210811,803,468,5,877.00),
(2545,20210811,858,377,1,24.00),
(2546,20210811,890,29571,3,3012.00),
(2547,20210811,867,254,8,560.00),
(2548,20210811,999,30113,9,4860.00),
(2549,20210811,928,197,4,100.00),
(2550,20210812,706,30004,8,11452.00),
(2551,20210812,720,29698,10,14315.00),
(2552,20210812,821,186,8,1744.00),
(2553,20210812,958,30098,3,2227.00),
(2554,20210812,974,29904,3,5103.00),
(2555,20210812,827,29809,2,551.00),
(2556,20210812,896,29955,5,1667.00),
(2557,20210812,975,132,8,13608.00),
(2558,20210813,917,394,6,1584.00),
(2559,20210813,933,29599,11,359.00),
(2560,20210813,871,29939,4,40.00),
(2561,20210813,856,29545,2,180.00),
(2562,20210814,981,57,6,4617.00),
(2563,20210815,764,29768,5,3915.00),
(2564,20210815,836,498,3,1784.00),
(2565,20210816,855,30025,2,180.00),
(2566,20210816,726,551,9,3035.00),
(2567,20210816,717,439,2,2863.00),
(2568,20210816,743,29819,5,6748.00),
(2569,20210817,873,29950,7,16.00),
(2570,20210817,881,29505,7,378.00),
(2571,20210817,747,472,4,5398.00),
(2572,20210817,788,436,4,4320.00),
(2573,20210817,884,29877,10,540.00),
(2574,20210817,975,327,9,15309.00),
(2575,20210817,915,76,9,352.00),
(2576,20210817,833,29775,7,4164.00),
(2577,20210817,930,29981,7,245.00),
(2578,20210817,983,30040,7,5386.00),
(2579,20210818,813,29714,10,1203.00),
(2580,20210818,824,498,2,472.00),
(2581,20210818,923,29924,4,20.00),
(2582,20210818,714,620,4,200.00),
(2583,20210818,764,29918,11,8613.00),
(2584,20210818,718,163,7,10021.00),
(2585,20210818,711,562,9,315.00),
(2586,20210818,866,25,2,127.00),
(2587,20210818,802,29739,7,1038.00),
(2588,20210818,824,665,7,1652.00),
(2589,20210819,864,262,5,318.00),
(2590,20210819,990,29601,3,1620.00),
(2591,20210820,710,29827,5,48.00),
(2592,20210820,875,30107,9,81.00),
(2593,20210820,855,29591,5,450.00),
(2594,20210820,919,29980,7,1848.00),
(2595,20210821,823,293,11,965.00),
(2596,20210821,818,596,7,599.00),
(2597,20210822,711,29650,3,105.00),
(2598,20210822,755,605,3,4374.00),
(2599,20210822,795,29585,6,14660.00),
(2600,20210822,818,91,2,171.00),
(2601,20210823,824,166,6,1416.00),
(2602,20210823,917,186,10,2641.00),
(2603,20210823,925,29583,10,2498.00),
(2604,20210823,754,30008,8,11664.00),
(2605,20210823,760,38,8,6264.00),
(2606,20210823,904,534,4,1456.00),
(2607,20210823,800,119,7,7843.00),
(2608,20210824,740,132,3,4094.00),
(2609,20210824,777,149,11,37125.00),
(2610,20210824,761,30058,10,7830.00),
(2611,20210824,975,202,9,15309.00),
(2612,20210824,903,29969,1,333.00),
(2613,20210824,852,343,7,525.00),
(2614,20210824,949,29639,5,877.00),
(2615,20210824,921,238,4,20.00),
(2616,20210825,921,52,2,10.00),
(2617,20210825,830,29757,8,2790.00),
(2618,20210826,859,30036,7,171.00),
(2619,20210826,759,29941,10,7830.00),
(2620,20210826,823,29938,10,877.00),
(2621,20210826,940,273,11,891.00),
(2622,20210826,894,29765,2,243.00),
(2623,20210826,889,30027,2,2008.00),
(2624,20210826,987,60,8,4520.00),
(2625,20210826,899,29506,10,3334.00),
(2626,20210826,709,630,7,67.00),
(2627,20210826,904,669,9,3277.00),
(2628,20210827,777,407,10,33750.00),
(2629,20210827,944,58,3,792.00),
(2630,20210828,932,29717,2,50.00),
(2631,20210828,988,29944,4,2260.00),
(2632,20210828,958,70,8,5939.00),
(2633,20210828,946,29950,7,323.00),
(2634,20210829,794,29588,5,12217.00),
(2635,20210829,969,29813,8,19073.00),
(2636,20210829,824,29890,8,1888.00),
(2637,20210829,714,29649,3,150.00),
(2638,20210829,861,455,4,152.00),
(2639,20210829,896,205,5,1667.00),
(2640,20210829,945,30004,10,915.00),
(2641,20210829,849,29587,1,60.00),
(2642,20210829,861,280,3,114.00),
(2643,20210830,924,331,8,1998.00),
(2644,20210830,750,29867,10,35783.00),
(2645,20210830,979,29931,6,4454.00),
(2646,20210830,967,47,3,7152.00),
(2647,20210830,919,532,6,1584.00),
(2648,20210830,915,16,3,117.00),
(2649,20210831,936,29935,10,621.00),
(2650,20210831,913,199,3,158.00),
(2651,20210831,863,601,5,190.00),
(2652,20210831,973,29792,9,15309.00),
(2653,20210831,986,29699,5,2825.00),
(2654,20210831,908,29583,9,244.00),
(2655,20210831,915,147,2,78.00),
(2656,20210901,837,438,6,8589.00),
(2657,20210901,822,10,2,1190.00),
(2658,20210901,755,29975,3,4374.00),
(2659,20210901,771,29733,10,34000.00),
(2660,20210901,780,149,5,11600.00),
(2661,20210902,797,22,8,8964.00),
(2662,20210902,823,133,8,702.00),
(2663,20210902,759,29910,7,5481.00),
(2664,20210903,882,10,7,378.00),
(2665,20210904,793,109,9,21990.00),
(2666,20210905,969,29486,6,14304.00),
(2667,20210905,875,29827,8,72.00),
(2668,20210906,888,29734,7,7027.00),
(2669,20210906,927,29929,2,500.00),
(2670,20210906,833,29774,10,5948.00),
(2671,20210906,781,289,5,11600.00),
(2672,20210906,838,29576,3,4295.00),
(2673,20210907,992,343,5,2700.00),
(2674,20210907,813,29585,6,722.00),
(2675,20210907,783,18,2,4590.00),
(2676,20210907,844,424,3,60.00),
(2677,20210907,881,613,7,378.00),
(2678,20210907,967,289,10,23841.00),
(2679,20210907,739,29884,3,4094.00),
(2680,20210907,712,29744,7,63.00),
(2681,20210908,750,1,11,39361.00),
(2682,20210908,890,360,4,4016.00),
(2683,20210908,859,599,4,98.00),
(2684,20210908,986,444,3,1695.00),
(2685,20210909,825,479,5,1636.00),
(2686,20210909,933,286,9,293.00),
(2687,20210909,790,226,9,21990.00),
(2688,20210909,896,109,4,1334.00),
(2689,20210909,983,456,10,7695.00),
(2690,20210910,884,3,3,162.00),
(2691,20210910,933,118,7,228.00),
(2692,20210910,712,653,5,45.00),
(2693,20210910,937,532,2,162.00),
(2694,20210910,813,131,2,241.00),
(2695,20210910,846,29766,7,98.00),
(2696,20210910,816,298,2,418.00),
(2697,20210910,854,390,11,825.00),
(2698,20210910,753,551,4,14313.00),
(2699,20210911,966,11,5,11920.00),
(2700,20210911,891,29766,6,6023.00),
(2701,20210911,882,382,1,54.00),
(2702,20210911,784,347,3,6885.00),
(2703,20210911,863,245,5,190.00),
(2704,20210911,991,29805,1,540.00),
(2705,20210912,723,58,5,1686.00),
(2706,20210913,970,29893,6,7289.00),
(2707,20210913,946,30019,4,184.00),
(2708,20210913,984,292,10,5650.00),
(2709,20210913,954,29769,8,19073.00),
(2710,20210913,772,29558,8,27200.00),
(2711,20210913,904,312,7,2549.00),
(2712,20210914,875,306,6,54.00),
(2713,20210914,990,29924,6,3240.00),
(2714,20210914,998,29865,2,1080.00),
(2715,20210914,716,304,4,200.00),
(2716,20210914,902,29924,4,1334.00),
(2717,20210914,822,496,9,5353.00),
(2718,20210914,905,150,5,1820.00),
(2719,20210914,918,129,6,1584.00),
(2720,20210915,876,574,10,1200.00),
(2721,20210915,913,29763,2,105.00),
(2722,20210915,982,29826,5,3847.00),
(2723,20210915,812,29770,7,433.00),
(2724,20210915,744,74,8,10797.00),
(2725,20210915,844,29943,3,60.00),
(2726,20210915,936,30040,7,435.00),
(2727,20210916,776,73,10,33750.00),
(2728,20210916,737,665,1,337.00),
(2729,20210916,984,29831,4,2260.00),
(2730,20210916,732,29910,4,2379.00),
(2731,20210916,976,29705,7,11907.00),
(2732,20210916,966,29499,2,4768.00),
(2733,20210916,822,474,5,2974.00),
(2734,20210916,914,38,11,298.00),
(2735,20210917,898,29698,3,1000.00),
(2736,20210917,956,240,8,19073.00),
(2737,20210917,789,505,4,9773.00),
(2738,20210917,956,30008,11,26225.00),
(2739,20210917,859,394,3,73.00),
(2740,20210917,877,317,6,48.00),
(2741,20210917,914,97,3,81.00),
(2742,20210917,817,30087,4,1201.00),
(2743,20210917,880,473,8,440.00),
(2744,20210918,720,113,7,10021.00),
(2745,20210918,877,250,10,80.00),
(2746,20210918,859,29889,6,147.00),
(2747,20210918,837,29740,10,14315.00),
(2748,20210918,950,408,7,1795.00),
(2749,20210918,923,29956,10,50.00),
(2750,20210918,867,29815,3,210.00),
(2751,20210918,782,326,9,20655.00),
(2752,20210918,813,698,9,1082.00),
(2753,20210918,986,507,11,6215.00),
(2754,20210919,944,29913,3,792.00),
(2755,20210919,988,538,5,2825.00),
(2756,20210919,921,29852,2,10.00),
(2757,20210919,715,30031,9,450.00),
(2758,20210919,800,119,4,4482.00),
(2759,20210920,837,533,6,8589.00),
(2760,20210920,836,258,1,595.00),
(2761,20210920,822,30107,1,595.00),
(2762,20210920,772,37,6,20400.00),
(2763,20210920,859,29969,6,147.00),
(2764,20210920,771,42,7,23800.00),
(2765,20210921,808,451,2,89.00),
(2766,20210921,750,55,5,17891.00),
(2767,20210921,725,626,6,2023.00),
(2768,20210921,942,39,11,4005.00),
(2769,20210922,905,29931,9,3277.00),
(2770,20210922,719,29525,4,5726.00),
(2771,20210922,740,497,3,4094.00),
(2772,20210922,766,29728,2,1566.00),
(2773,20210923,711,29832,4,140.00),
(2774,20210923,749,29716,11,39361.00),
(2775,20210923,756,24,9,13122.00),
(2776,20210923,765,187,5,3915.00),
(2777,20210923,793,617,11,26877.00),
(2778,20210923,754,346,1,1458.00),
(2779,20210924,850,424,2,120.00),
(2780,20210924,941,480,11,891.00),
(2781,20210924,766,92,3,2349.00),
(2782,20210924,887,29690,6,6023.00),
(2783,20210924,719,29879,7,10021.00),
(2784,20210924,727,29848,2,674.00),
(2785,20210924,859,29757,6,147.00),
(2786,20210925,895,30061,7,2334.00),
(2787,20210925,988,38,4,2260.00),
(2788,20210925,899,604,10,3334.00),
(2789,20210925,814,83,11,3836.00),
(2790,20210925,822,30109,9,5353.00),
(2791,20210925,813,685,6,722.00),
(2792,20210925,770,106,4,3132.00),
(2793,20210926,800,678,8,8964.00),
(2794,20210926,939,29876,5,310.00),
(2795,20210926,984,29800,6,3390.00),
(2796,20210926,822,237,4,2379.00),
(2797,20210927,782,474,6,13770.00),
(2798,20210927,783,29734,5,11475.00),
(2799,20210927,759,29632,5,3915.00),
(2800,20210927,880,146,5,275.00),
(2801,20210927,816,376,9,1881.00),
(2802,20210927,862,335,3,114.00),
(2803,20210927,994,29921,3,162.00),
(2804,20210928,763,155,11,8613.00),
(2805,20210928,787,29601,1,1080.00),
(2806,20210928,727,29590,7,2361.00),
(2807,20210928,992,111,9,4860.00),
(2808,20210928,827,29851,8,2203.00),
(2809,20210928,978,192,10,7424.00),
(2810,20210929,741,29673,9,12281.00),
(2811,20210929,973,421,4,6804.00),
(2812,20210929,984,29866,6,3390.00),
(2813,20210929,752,309,7,25048.00),
(2814,20210929,720,29858,8,11452.00),
(2815,20210929,925,626,11,2748.00),
(2816,20210930,927,490,11,2748.00),
(2817,20211001,946,39,7,323.00),
(2818,20211002,932,586,2,50.00),
(2819,20211002,780,30058,2,4640.00),
(2820,20211002,821,29891,5,1090.00),
(2821,20211002,722,381,11,3709.00),
(2822,20211002,841,300,4,240.00),
(2823,20211002,913,29783,5,263.00),
(2824,20211002,741,29625,8,10916.00),
(2825,20211003,906,29942,2,728.00),
(2826,20211003,832,30044,7,2441.00),
(2827,20211003,845,29873,5,125.00),
(2828,20211003,943,29545,8,1998.00),
(2829,20211003,755,30111,2,2916.00),
(2830,20211003,713,182,6,300.00),
(2831,20211003,800,29499,9,10084.00),
(2832,20211004,801,29807,4,4482.00),
(2833,20211004,893,325,5,5020.00),
(2834,20211004,888,401,6,6023.00),
(2835,20211004,854,29930,5,375.00),
(2836,20211004,797,408,2,2241.00),
(2837,20211004,857,84,2,180.00),
(2838,20211004,732,29673,5,2974.00),
(2839,20211004,743,29703,10,13496.00),
(2840,20211005,808,29946,9,401.00),
(2841,20211005,976,133,2,3402.00),
(2842,20211006,970,3,9,10934.00),
(2843,20211006,985,119,9,5085.00),
(2844,20211006,987,29533,2,1130.00),
(2845,20211006,971,29853,10,12149.00),
(2846,20211006,893,635,9,9035.00),
(2847,20211006,866,635,9,572.00),
(2848,20211006,745,39,1,1350.00),
(2849,20211007,886,238,2,667.00),
(2850,20211007,815,29627,1,61.00),
(2851,20211007,730,29780,2,674.00),
(2852,20211008,783,328,2,4590.00),
(2853,20211008,821,461,3,654.00),
(2854,20211008,851,29921,9,540.00),
(2855,20211009,761,516,6,4698.00),
(2856,20211009,713,29957,6,300.00),
(2857,20211009,860,174,5,122.00),
(2858,20211009,711,5,8,280.00),
(2859,20211009,861,29910,3,114.00),
(2860,20211009,747,30118,3,4049.00),
(2861,20211009,735,29523,6,3569.00),
(2862,20211009,980,29893,4,3078.00),
(2863,20211010,890,3,7,7027.00),
(2864,20211010,709,29560,4,38.00),
(2865,20211010,973,402,2,3402.00),
(2866,20211010,917,29906,9,2376.00),
(2867,20211010,892,29870,9,9035.00),
(2868,20211010,924,29789,1,250.00),
(2869,20211010,971,390,3,3645.00),
(2870,20211010,941,511,10,810.00),
(2871,20211010,890,30044,5,5020.00),
(2872,20211010,910,29905,4,211.00),
(2873,20211010,758,29492,8,11664.00),
(2874,20211011,963,29797,11,8166.00),
(2875,20211011,862,292,1,38.00),
(2876,20211011,830,29490,2,698.00),
(2877,20211011,719,318,7,10021.00),
(2878,20211011,883,281,3,162.00),
(2879,20211011,856,132,9,810.00),
(2880,20211011,807,348,4,499.00),
(2881,20211012,988,579,9,5085.00),
(2882,20211012,886,29709,8,2667.00),
(2883,20211012,904,42,6,2185.00),
(2884,20211012,972,19,6,7289.00),
(2885,20211012,757,328,8,11664.00),
(2886,20211012,930,93,4,140.00),
(2887,20211012,724,30055,10,3372.00),
(2888,20211012,814,29684,9,3139.00),
(2889,20211012,826,478,11,1238.00),
(2890,20211013,845,29931,3,75.00),
(2891,20211014,754,29566,8,11664.00),
(2892,20211014,809,613,10,619.00),
(2893,20211014,940,646,8,648.00),
(2894,20211014,851,29929,3,180.00),
(2895,20211014,957,29806,8,19073.00),
(2896,20211014,876,696,7,840.00),
(2897,20211014,993,30072,9,4860.00),
(2898,20211014,864,496,6,381.00),
(2899,20211014,916,29816,8,421.00),
(2900,20211015,726,60,8,2698.00),
(2901,20211015,709,29764,5,48.00),
(2902,20211015,862,178,5,190.00),
(2903,20211015,959,29755,4,2969.00),
(2904,20211016,966,236,3,7152.00),
(2905,20211016,766,29911,4,3132.00),
(2906,20211016,919,6,10,2641.00),
(2907,20211016,987,29859,10,5650.00),
(2908,20211017,908,400,6,163.00),
(2909,20211017,956,546,2,4768.00),
(2910,20211018,766,29637,7,5481.00),
(2911,20211018,831,160,10,3488.00),
(2912,20211018,743,30116,6,8098.00),
(2913,20211018,908,30036,7,190.00),
(2914,20211018,852,187,4,300.00),
(2915,20211019,866,29955,8,508.00),
(2916,20211020,745,209,4,5398.00),
(2917,20211020,891,29891,3,3012.00),
(2918,20211020,808,668,2,89.00),
(2919,20211021,714,41,10,500.00),
(2920,20211021,960,448,4,2969.00),
(2921,20211021,757,187,10,14580.00),
(2922,20211022,711,29980,3,105.00),
(2923,20211022,733,29773,6,3569.00),
(2924,20211022,789,372,7,17103.00),
(2925,20211022,811,471,7,312.00),
(2926,20211023,851,156,1,60.00),
(2927,20211023,709,29932,7,67.00),
(2928,20211023,727,29910,8,2698.00),
(2929,20211023,746,29957,6,8098.00),
(2930,20211024,825,39,8,2618.00),
(2931,20211024,732,30090,3,1784.00),
(2932,20211024,843,665,5,125.00),
(2933,20211025,889,30037,11,11043.00),
(2934,20211025,858,18,2,49.00),
(2935,20211025,797,65,5,5602.00),
(2936,20211026,961,181,3,2227.00),
(2937,20211026,954,226,10,23841.00),
(2938,20211026,831,665,6,2093.00),
(2939,20211026,784,114,6,13770.00),
(2940,20211026,806,173,11,1125.00),
(2941,20211026,771,29684,11,37400.00),
(2942,20211027,826,527,5,563.00),
(2943,20211027,937,29766,7,567.00),
(2944,20211027,828,203,7,2499.00),
(2945,20211027,876,29591,3,360.00),
(2946,20211028,971,29623,10,12149.00),
(2947,20211028,958,184,4,2969.00),
(2948,20211028,994,29614,10,540.00),
(2949,20211028,779,29535,4,9280.00),
(2950,20211029,996,29962,11,1336.00),
(2951,20211029,785,92,5,5400.00),
(2952,20211029,883,670,2,108.00),
(2953,20211029,784,670,8,18360.00),
(2954,20211029,713,29891,6,300.00),
(2955,20211029,861,70,4,152.00),
(2956,20211029,957,595,7,16688.00),
(2957,20211029,891,29877,8,8031.00),
(2958,20211030,790,29744,3,7330.00),
(2959,20211030,956,508,8,19073.00),
(2960,20211030,906,142,10,3641.00),
(2961,20211030,944,412,5,1320.00),
(2962,20211030,842,444,5,625.00),
(2963,20211030,878,29511,9,198.00),
(2964,20211030,960,29643,8,5939.00),
(2965,20211030,806,227,9,921.00),
(2966,20211030,790,402,2,4887.00),
(2967,20211031,985,29843,2,1130.00),
(2968,20211031,809,568,9,557.00),
(2969,20211101,765,426,6,4698.00),
(2970,20211101,845,30032,9,225.00),
(2971,20211101,943,29716,6,1499.00),
(2972,20211102,937,29720,3,243.00),
(2973,20211102,797,460,2,2241.00),
(2974,20211102,717,210,9,12884.00),
(2975,20211102,744,30042,4,5398.00),
(2976,20211102,843,29915,2,50.00),
(2977,20211102,909,29819,7,274.00),
(2978,20211103,920,29943,5,1320.00),
(2979,20211103,730,29900,5,1686.00),
(2980,20211103,803,38,7,1228.00),
(2981,20211103,802,29981,7,1038.00),
(2982,20211103,735,240,7,4164.00),
(2983,20211103,836,29740,4,2379.00),
(2984,20211103,891,30031,7,7027.00),
(2985,20211103,714,75,3,150.00),
(2986,20211104,982,48,6,4617.00),
(2987,20211104,763,83,2,1566.00),
(2988,20211104,877,29922,3,24.00),
(2989,20211105,750,29618,9,32204.00),
(2990,20211105,898,276,3,1000.00),
(2991,20211106,750,29536,6,21470.00),
(2992,20211106,734,29616,7,4164.00),
(2993,20211106,786,29903,3,3240.00),
(2994,20211106,967,29870,1,2384.00),
(2995,20211106,729,29660,7,2361.00),
(2996,20211106,746,164,7,9447.00),
(2997,20211106,877,237,9,72.00),
(2998,20211107,997,163,4,2160.00),
(2999,20211107,897,29962,3,1000.00),
(3000,20211108,924,16,2,500.00),
(3001,20211108,780,146,4,9280.00),
(3002,20211108,734,29873,11,6543.00),
(3003,20211108,739,343,7,9552.00),
(3004,20211108,750,609,9,32204.00),
(3005,20211108,971,30115,5,6074.00),
(3006,20211108,869,226,11,770.00),
(3007,20211108,779,115,3,6960.00),
(3008,20211108,986,316,3,1695.00),
(3009,20211109,731,29747,10,5948.00),
(3010,20211109,799,29573,10,11205.00),
(3011,20211109,847,29743,10,350.00),
(3012,20211109,907,214,11,1172.00),
(3013,20211109,732,236,10,5948.00),
(3014,20211109,797,29771,5,5602.00),
(3015,20211109,842,29796,7,875.00),
(3016,20211110,751,29776,8,28626.00),
(3017,20211110,733,384,10,5948.00),
(3018,20211111,878,29698,10,220.00),
(3019,20211112,778,30072,10,33750.00),
(3020,20211113,787,30033,9,9720.00),
(3021,20211113,906,150,2,728.00),
(3022,20211113,857,29548,7,630.00),
(3023,20211113,947,29539,1,92.00),
(3024,20211113,846,592,5,70.00),
(3025,20211113,767,29490,3,2349.00),
(3026,20211113,776,300,1,3375.00),
(3027,20211114,912,592,9,352.00),
(3028,20211114,877,487,8,64.00),
(3029,20211114,773,29967,8,27200.00),
(3030,20211114,899,29981,7,2334.00),
(3031,20211114,909,39,5,196.00),
(3032,20211114,708,29924,6,210.00),
(3033,20211114,820,29541,8,2640.00),
(3034,20211115,827,29668,9,2478.00),
(3035,20211115,851,559,4,240.00),
(3036,20211115,832,382,5,1744.00),
(3037,20211115,981,29973,2,1539.00),
(3038,20211115,762,620,3,2349.00),
(3039,20211115,866,496,10,635.00),
(3040,20211115,707,29843,3,105.00),
(3041,20211115,781,466,6,13920.00),
(3042,20211115,925,29739,8,1998.00),
(3043,20211116,789,120,11,26877.00),
(3044,20211116,942,137,8,2913.00),
(3045,20211116,758,29598,8,11664.00),
(3046,20211116,947,164,7,641.00),
(3047,20211116,969,128,5,11920.00),
(3048,20211116,867,147,5,350.00),
(3049,20211116,784,29810,10,22950.00),
(3050,20211116,760,29770,6,4698.00),
(3051,20211116,991,136,5,2700.00),
(3052,20211117,680,674,2,2863.00),
(3053,20211117,740,493,1,1365.00),
(3054,20211117,898,29889,8,2667.00),
(3055,20211117,759,113,8,6264.00),
(3056,20211118,877,129,7,56.00),
(3057,20211118,861,300,5,190.00),
(3058,20211118,739,29994,10,13645.00),
(3059,20211118,749,29850,4,14313.00),
(3060,20211118,925,29690,3,749.00),
(3061,20211118,980,29608,10,7695.00),
(3062,20211118,992,30108,9,4860.00),
(3063,20211118,997,84,5,2700.00),
(3064,20211119,800,29987,1,1120.00),
(3065,20211119,725,29930,10,3372.00),
(3066,20211119,718,29924,1,1432.00),
(3067,20211119,822,583,3,1784.00),
(3068,20211119,742,692,10,13645.00),
(3069,20211119,733,388,4,2379.00),
(3070,20211119,918,29585,10,2641.00),
(3071,20211120,976,129,3,5103.00),
(3072,20211120,750,29713,6,21470.00),
(3073,20211120,836,29582,10,5948.00),
(3074,20211120,888,1,8,8031.00),
(3075,20211120,884,163,7,378.00),
(3076,20211120,964,322,9,6681.00),
(3077,20211120,898,93,2,667.00),
(3078,20211120,890,257,5,5020.00),
(3079,20211120,839,198,2,2863.00),
(3080,20211120,926,29496,6,1499.00),
(3081,20211120,976,29784,3,5103.00),
(3082,20211121,752,29492,6,21470.00),
(3083,20211121,889,29616,9,9035.00),
(3084,20211121,859,29711,6,147.00),
(3085,20211121,832,397,6,2093.00),
(3086,20211121,706,313,11,15747.00),
(3087,20211121,925,30064,2,500.00),
(3088,20211121,866,148,8,508.00),
(3089,20211122,710,543,4,38.00),
(3090,20211122,902,29851,2,667.00),
(3091,20211122,927,30089,11,2748.00),
(3092,20211122,798,147,10,11205.00),
(3093,20211122,731,363,7,4164.00),
(3094,20211122,965,29774,2,1485.00),
(3095,20211122,823,29957,8,702.00),
(3096,20211122,799,29862,1,1120.00),
(3097,20211122,796,30071,8,19547.00),
(3098,20211123,939,469,7,435.00),
(3099,20211123,791,29769,6,14660.00),
(3100,20211123,864,610,6,381.00),
(3101,20211123,680,659,1,1432.00),
(3102,20211123,962,29980,4,2969.00),
(3103,20211123,866,30118,10,635.00),
(3104,20211123,910,238,5,263.00),
(3105,20211124,901,29717,9,3001.00),
(3106,20211124,828,223,2,714.00),
(3107,20211124,766,29915,8,6264.00),
(3108,20211124,906,168,4,1456.00),
(3109,20211124,984,29942,3,1695.00),
(3110,20211125,759,29925,2,1566.00),
(3111,20211125,875,29949,9,81.00),
(3112,20211125,960,29973,4,2969.00),
(3113,20211125,848,200,2,90.00),
(3114,20211125,709,307,5,48.00),
(3115,20211125,783,46,5,11475.00),
(3116,20211125,780,263,7,16240.00),
(3117,20211125,811,30087,4,178.00),
(3118,20211125,967,29639,3,7152.00),
(3119,20211126,774,30063,2,6800.00),
(3120,20211126,874,115,7,63.00),
(3121,20211126,740,29857,3,4094.00),
(3122,20211126,720,677,5,7158.00),
(3123,20211126,946,29593,3,138.00),
(3124,20211126,713,439,4,200.00),
(3125,20211126,922,543,1,4.00),
(3126,20211126,822,29774,7,4164.00),
(3127,20211126,809,7,10,619.00),
(3128,20211126,809,29713,11,681.00),
(3129,20211126,825,29913,2,654.00),
(3130,20211127,994,227,10,540.00),
(3131,20211127,816,30,6,1254.00),
(3132,20211127,903,29864,9,3001.00),
(3133,20211127,956,407,9,21457.00),
(3134,20211127,711,693,3,105.00),
(3135,20211127,985,220,9,5085.00),
(3136,20211127,813,52,8,962.00),
(3137,20211127,748,29653,2,2729.00),
(3138,20211127,904,30016,10,3641.00),
(3139,20211128,953,245,10,12149.00),
(3140,20211128,984,371,6,3390.00),
(3141,20211128,760,671,3,2349.00),
(3142,20211128,754,29662,7,10206.00),
(3143,20211128,850,30050,6,360.00),
(3144,20211128,728,439,4,1349.00),
(3145,20211128,798,403,7,7843.00),
(3146,20211128,812,362,10,619.00),
(3147,20211128,878,29974,3,66.00),
(3148,20211129,799,659,3,3361.00),
(3149,20211129,861,289,9,342.00),
(3150,20211129,939,20,5,310.00),
(3151,20211129,709,29699,7,67.00),
(3152,20211130,893,223,6,6023.00),
(3153,20211130,928,29922,5,125.00),
(3154,20211130,943,661,10,2498.00),
(3155,20211201,888,29686,3,3012.00),
(3156,20211201,742,30032,2,2729.00),
(3157,20211201,753,29734,7,25048.00),
(3158,20211201,879,29521,8,1272.00),
(3159,20211201,842,197,10,1250.00),
(3160,20211201,848,472,5,225.00),
(3161,20211201,849,29573,5,300.00),
(3162,20211201,959,545,11,8166.00),
(3163,20211202,719,29625,8,11452.00),
(3164,20211202,883,218,1,54.00),
(3165,20211202,999,408,1,540.00),
(3166,20211202,755,30021,2,2916.00),
(3167,20211202,902,527,2,667.00),
(3168,20211202,901,29864,5,1667.00),
(3169,20211202,890,641,8,8031.00),
(3170,20211203,724,29525,2,674.00),
(3171,20211203,806,480,8,818.00),
(3172,20211204,866,273,10,635.00),
(3173,20211204,988,506,7,3955.00),
(3174,20211204,859,625,6,147.00),
(3175,20211204,923,29765,3,15.00),
(3176,20211205,935,29956,9,364.00),
(3177,20211205,920,30071,3,792.00),
(3178,20211205,975,166,10,17010.00),
(3179,20211205,845,629,6,150.00),
(3180,20211205,822,317,7,4164.00),
(3181,20211205,735,290,5,2974.00),
(3182,20211205,840,21,3,4295.00),
(3183,20211205,983,29533,5,3847.00),
(3184,20211206,804,29903,11,2524.00),
(3185,20211206,707,66,4,140.00),
(3186,20211206,867,569,7,490.00),
(3187,20211206,749,313,10,35783.00),
(3188,20211206,980,74,9,6925.00),
(3189,20211206,708,379,8,280.00),
(3190,20211206,906,29673,3,1092.00),
(3191,20211206,925,4,4,999.00),
(3192,20211206,749,606,9,32204.00),
(3193,20211207,771,236,11,37400.00),
(3194,20211207,972,300,2,2430.00),
(3195,20211207,801,697,3,3361.00),
(3196,20211207,758,29541,2,2916.00),
(3197,20211207,985,515,8,4520.00),
(3198,20211207,840,451,2,2863.00),
(3199,20211207,843,564,11,275.00),
(3200,20211207,936,471,4,248.00),
(3201,20211207,746,29641,3,4049.00),
(3202,20211207,871,29785,3,30.00),
(3203,20211208,787,203,3,3240.00),
(3204,20211209,937,29983,7,567.00),
(3205,20211209,876,471,7,840.00),
(3206,20211209,771,310,1,3400.00),
(3207,20211210,853,415,6,450.00),
(3208,20211210,750,442,8,28626.00),
(3209,20211210,864,30023,8,508.00),
(3210,20211210,845,587,5,125.00),
(3211,20211210,856,358,10,900.00),
(3212,20211210,933,29948,11,359.00),
(3213,20211210,725,312,4,1349.00),
(3214,20211210,807,239,4,499.00),
(3215,20211210,928,163,1,25.00),
(3216,20211210,784,253,4,9180.00),
(3217,20211210,812,460,2,124.00),
(3218,20211211,812,5,5,310.00),
(3219,20211211,804,367,10,2295.00),
(3220,20211211,967,346,6,14304.00),
(3221,20211211,830,646,2,698.00),
(3222,20211211,755,29730,2,2916.00),
(3223,20211211,825,424,5,1636.00),
(3224,20211212,898,348,1,333.00),
(3225,20211212,936,343,7,435.00),
(3226,20211212,832,665,5,1744.00),
(3227,20211212,877,29579,7,56.00),
(3228,20211213,909,29622,3,117.00),
(3229,20211213,964,30083,8,5939.00),
(3230,20211213,948,29486,7,746.00);
